187	4304957
187	10582830
187	315927
187	19278728
187	3684625
187	1201591
187	3970948
187	58998173
187	2704720
187	3581883
187	21296224
187	4393502
187	44225499
187	28496761
187	4414172
187	54044
187	9630158
187	43509183
187	25652303
187	6386814
270	27496299
270	51030203
270	43719
270	69888919
270	23378936
270	40845382
270	6425462
270	18934854
270	56653298
270	42235426
270	2221521
270	23802396
270	47750625
270	1452898
270	23657622
270	54793859
270	2181526
270	50304989
270	23632328
270	57390631
359	23675539
359	26378017
359	51250193
359	68662678
359	27665197
359	1856192
359	11576068
359	72035
359	52349431
359	12776876
359	5549672
359	66885059
359	18321461
359	282226
359	35010305
359	13285522
359	38776
359	32289193
359	5802344
359	33895947
365	3921
365	62848482
365	65298666
365	29075960
365	1960952
365	17625262
365	848348
365	22359
365	50794472
365	6129782
365	22093
365	768856
365	27378
365	41139172
365	21592
365	69790143
365	49450841
365	22722486
365	28866920
365	48654081
400	21144027
400	1217122
400	40541089
400	58094046
400	9760384
400	194373
400	19881366
400	40003529
400	1448527
400	52877823
400	17181306
400	4466152
400	19210357
400	38390763
400	1527442
400	26995095
400	53332661
400	41856043
400	2596994
400	12861352
404	56835749
404	47339682
404	22143922
404	4994396
404	60222109
404	27857931
404	17109645
404	11415129
404	40862712
404	19217475
404	60095143
404	39464471
404	41389299
404	69410169
404	31933541
404	24253680
404	50788627
404	6132745
404	15697885
404	19096093
480	65799903
480	66849722
480	64514667
480	63612268
480	63708087
480	67693224
480	63435931
480	63804580
480	63585221
480	69846606
480	63030231
480	64602072
480	63055098
480	63880659
480	63589782
480	67967179
480	63416817
480	66685966
480	69634019
480	66125058
517	20596936
517	214801
517	47934959
517	68787338
517	10005501
517	481669
517	9161315
517	49655745
517	1875976
517	58484250
517	61938488
517	567284
517	17928575
517	36801352
517	5158812
517	57442267
517	29546764
517	457907
517	49242921
517	10360985
568	6793720
568	25775894
568	773977
568	45617327
568	30597024
568	61544855
568	4559718
568	17741875
568	218211
568	22679738
568	59949
568	49189628
568	13099345
568	1364343
568	59838522
568	1714754
568	16086178
568	2190792
568	25226723
568	35019674
596	1416046
596	936085
596	619320
596	4133285
596	242001
596	3954
596	5180
596	526214
596	9488196
596	29055775
596	11092324
596	610329
596	577559
596	6896
596	2275867
596	1721496
596	730473
596	4111418
596	43180070
596	13849906
715	6564969
715	1788
715	4893687
715	23173294
715	436187
715	50674372
715	12023636
715	3974738
715	41198757
715	8761347
715	1211937
715	34449201
715	40498413
715	1003438
715	713248
715	19429105
715	679904
715	4097647
715	47128429
715	29565427
807	7714987
807	16543796
807	41703268
807	18226761
807	18013005
807	42653164
807	64332138
807	35054346
807	2886153
807	53186275
807	9006525
807	24065025
807	17844018
807	16715190
807	23126741
807	8649081
807	16217152
807	65899456
807	16943988
807	17843811
834	56285
834	35110380
834	52577251
834	49492645
834	44269171
834	48611021
834	57127165
834	60284860
834	2253313
834	52124303
834	8840098
834	436022
834	67045296
834	54982911
834	28805894
834	64481325
834	67111342
834	36031245
834	55191202
834	55070376
881	616279
881	5241465
881	16079566
881	67141950
881	57387510
881	31675960
881	614836
881	44429057
881	12421217
881	41862176
881	1184687
881	40211357
881	41089704
881	40828743
881	37313876
881	8911097
881	47756463
881	1360939
881	18853441
881	31675664
883	12821460
883	9510
883	20263821
883	2924002
883	165981
883	181431
883	38384402
883	9960008
883	15225609
883	8860626
883	61553293
883	2305470
883	50725563
883	87606
883	5625754
883	3728377
883	29715451
883	55461109
883	1213168
883	275679
949	43167590
949	3775861
949	11185
949	5686076
949	790968
949	51522942
949	1712326
949	1070171
949	632922
949	44044949
949	37251246
949	39315095
949	21106462
949	22443992
949	43682202
949	52512463
949	48260469
949	13433057
949	49156677
949	31167437
951	6140857
951	26868834
951	7290107
951	339986
951	9295770
951	27980681
951	10030620
951	29436591
951	57867432
951	26944509
951	4265080
951	37005714
951	44122888
951	132821
951	49545897
951	64010968
951	53913583
951	25800084
951	24822703
951	4351435
955	69573806
955	27002888
955	74968
955	151807
955	31995603
955	55834592
955	19077633
955	39050021
955	14214562
955	50008069
955	59899013
955	5551857
955	60292190
955	69443836
955	678533
955	40537560
955	13922616
955	57738809
955	8543798
955	48375000
995	4699587
995	23924014
995	35843159
995	67313346
995	447810
995	27529871
995	45318006
995	2493928
995	27275282
995	37336511
995	69986847
995	4498383
995	28830841
995	42070705
995	5078115
995	12604740
995	49980572
995	67320680
995	4487837
995	22033656
1018	33992878
1018	23976719
1018	48439033
1018	56122002
1018	23964910
1018	10669
1018	25304788
1018	1662349
1018	51159000
1018	17365965
1018	62019792
1018	4883511
1018	50695587
1018	22162785
1018	10830
1018	30734258
1018	143183
1018	65408886
1018	36940292
1018	14172113
1180	59584452
1180	33119354
1180	61016924
1180	60536009
1180	2664075
1180	61009214
1180	25724776
1180	445913
1180	3189597
1180	49881992
1180	14423
1180	49626494
1180	3199258
1180	10789112
1180	34885729
1180	17658703
1180	10404836
1180	506886
1180	32090575
1180	638263
1233	9386580
1233	14790
1233	5856737
1233	8082232
1233	9869631
1233	17378626
1233	4366321
1233	10014739
1233	4275981
1233	567915
1233	1313021
1233	21956202
1233	19076840
1233	35731094
1233	45466047
1233	39761336
1233	723885
1233	62513719
1233	2210161
1233	51692174
1328	33853886
1328	20879276
1328	24688923
1328	82533
1328	919326
1328	67419609
1328	31340283
1328	24707609
1328	172550
1328	11431827
1328	30226454
1328	1637809
1328	362226
1328	50141919
1328	53528780
1328	9869851
1328	22991838
1328	3690512
1328	6487734
1328	28705056
1406	15613
1406	1693246
1406	763701
1406	310911
1406	44211945
1406	12161197
1406	30247956
1406	35633423
1406	44564789
1406	45620037
1406	53581566
1406	9306767
1406	29766752
1406	59868567
1406	264041
1406	66504112
1406	61263144
1406	28362575
1406	52767908
1406	25972117
1417	35694432
1417	17613054
1417	8956358
1417	15928
1417	739680
1417	558219
1417	1772690
1417	21027224
1417	11310959
1417	33701379
1417	10574314
1417	3014330
1417	577309
1417	1266567
1417	164062
1417	930136
1417	597445
1417	25114376
1417	3215667
1417	11906186
1448	39214331
1448	65362667
1448	3255815
1448	18137585
1448	2742213
1448	2468003
1448	149373
1448	48789314
1448	46450106
1448	2052465
1448	67028500
1448	38203850
1448	55206108
1448	2218315
1448	40857917
1448	46812806
1448	16425950
1448	57588936
1448	61604913
1448	63327457
1479	894300
1479	5254
1479	66108446
1479	2271900
1479	215403
1479	8195726
1479	10091
1479	18949668
1479	9396843
1479	700750
1479	743972
1479	1407832
1479	18657
1479	85441
1479	1082450
1479	534412
1479	5222720
1479	1311923
1479	1175121
1479	39216602
1548	228344
1548	19501
1548	13954016
1548	485429
1548	16746
1548	19525
1548	3376850
1548	65212
1548	3482085
1548	47184306
1548	17098
1548	19028
1548	52018352
1548	30374
1548	1289929
1548	65711325
1548	11726144
1548	3672685
1548	56004751
1548	34396002
1558	18831
1558	4973465
1558	8997784
1558	14740035
1558	58833484
1558	33543938
1558	1337579
1558	373299
1558	25750436
1558	4230329
1558	1138100
1558	5381408
1558	1042164
1558	49403913
1558	159730
1558	326471
1558	173416
1558	63566825
1558	35818365
1558	26673495
1647	32898380
1647	1759402
1647	44147035
1647	53084433
1647	8698952
1647	1460801
1647	20029110
1647	41688336
1647	53854143
1647	18210026
1647	194264
1647	10128567
1647	52646797
1647	53096893
1647	6323252
1647	18706030
1647	44908936
1647	9768169
1647	458399
1647	52804695
1806	24184059
1806	66272249
1806	42512141
1806	21385
1806	20733185
1806	64591380
1806	43938371
1806	11506458
1806	58855410
1806	21383
1806	51416439
1806	30166811
1806	56101016
1806	50406616
1806	16279193
1806	61281829
1806	2194752
1806	47865520
1806	19137760
1806	60896083
1821	237148
1821	1101767
1821	444645
1821	21443
1821	2059674
1821	57474427
1821	33499482
1821	57583271
1821	12513388
1821	982171
1821	26954
1821	28075138
1821	16703828
1821	7118043
1821	69206910
1821	11236984
1821	62305198
1821	51005626
1821	22055
1821	54745132
1877	12259250
1877	31200350
1877	31816205
1877	11625778
1877	34236439
1877	34832619
1877	51488846
1877	31816241
1877	50002311
1877	42531240
1877	31223110
1877	29929853
1877	25077151
1877	34236482
1877	35299440
1877	31566075
1877	921214
1877	35672968
1877	59157339
1877	31190237
1884	5327436
1884	17497528
1884	416605
1884	4676892
1884	5467747
1884	32052228
1884	417279
1884	1600199
1884	275937
1884	2702986
1884	5396061
1884	1532647
1884	1000718
1884	743715
1884	11471780
1884	275915
1884	54135162
1884	379213
1884	726176
1884	6459483
1890	408186
1890	20095109
1890	59624018
1890	44654916
1890	97325
1890	31523350
1890	18325
1890	67556518
1890	51540712
1890	14120866
1890	1113815
1890	55556900
1890	30945091
1890	219343
1890	44278718
1890	4133752
1890	25602832
1890	65678890
1890	5205277
1890	51191939
2000	27428734
2000	514075
2000	412032
2000	58048237
2000	22926
2000	1201454
2000	455919
2000	13689557
2000	60414009
2000	1010427
2000	63665392
2000	153433
2000	1551274
2000	6585439
2000	214201
2000	886680
2000	29108146
2000	3885852
2000	1011345
2000	25353172
2028	13448416
2028	69373138
2028	33298284
2028	23637736
2028	995554
2028	126860
2028	147707
2028	59120831
2028	24624
2028	4359973
2028	40416291
2028	165981
2028	4770362
2028	2787256
2028	31731716
2028	50716137
2028	3345668
2028	37703760
2028	1846263
2028	40011958
2106	1679762
2106	45948
2106	152310
2106	51976726
2106	13320842
2106	9125452
2106	12360794
2106	146109
2106	152311
2106	52862067
2106	516271
2106	1509622
2106	4324377
2106	907989
2106	5928921
2106	56636148
2106	254060
2106	23587995
2106	61735151
2106	180968
2153	27672
2153	9010996
2153	49780696
2153	62082135
2153	850647
2153	27717240
2153	5562272
2153	11579625
2153	41600733
2153	68631599
2153	8662791
2153	15079070
2153	42968330
2153	8660189
2153	23097533
2153	57945709
2153	8293937
2153	15198144
2153	47253935
2153	8570363
2160	8896599
2160	6972665
2160	48951292
2160	17692088
2160	5630993
2160	57266418
2160	22222318
2160	234339
2160	34644241
2160	17593881
2160	1977320
2160	32060877
2160	1385966
2160	47456671
2160	30292166
2160	471603
2160	9986621
2160	69742243
2160	42649354
2160	40468223
2229	26847
2229	38775552
2229	38443580
2229	43473082
2229	15025710
2229	54506295
2229	13992896
2229	472726
2229	30373614
2229	21156505
2229	47246185
2229	59443250
2229	423023
2229	18048
2229	33526804
2229	49675879
2229	2242612
2229	39353017
2229	12309236
2229	328794
2244	42187695
2244	14984940
2244	17066371
2244	43156044
2244	31101250
2244	32847407
2244	7827291
2244	35409673
2244	9287864
2244	52951938
2244	44569579
2244	63099214
2244	1452701
2244	40242261
2244	55912014
2244	54581112
2244	49907674
2244	41441314
2244	20590820
2244	19592358
2448	19137220
2448	49081840
2448	34575163
2448	2249731
2448	26913631
2448	2140799
2448	1306473
2448	8251319
2448	27424282
2448	5880400
2448	6958722
2448	2982759
2448	1059176
2448	21789419
2448	85248
2448	12576473
2448	42389177
2448	16614200
2448	565145
2448	3701745
2483	3351748
2483	4073331
2483	8988347
2483	10397273
2483	7056522
2483	978504
2483	21405138
2483	963515
2483	4800977
2483	4727723
2483	26256228
2483	546017
2483	13904266
2483	3075523
2483	65311177
2483	321606
2483	39827689
2483	7482609
2483	9889179
2483	9993503
2758	33734529
2758	6556925
2758	2071765
2758	49652468
2758	43989344
2758	752
2758	20127412
2758	36305899
2758	199145
2758	18985263
2758	19010531
2758	2787344
2758	39292117
2758	2140563
2758	46234172
2758	33276979
2758	36303864
2758	21830760
2758	228936
2758	32104149
2867	66326874
2867	11049383
2867	22612452
2867	22264348
2867	53713459
2867	66326871
2867	65549254
2867	39238641
2867	1995635
2867	391556
2867	60319701
2867	27444173
2867	51587957
2867	47262468
2867	44086487
2867	63181067
2867	25443870
2867	33991284
2867	25660174
2867	4142234
2872	41703431
2872	53391714
2872	265901
2872	37123790
2872	3957665
2872	191466
2872	667977
2872	9833634
2872	26491558
2872	43915275
2872	63037922
2872	24349431
2872	34377126
2872	43331095
2872	38085355
2872	31868114
2872	35669307
2872	4553946
2872	41904886
2872	32444237
