187	21296218
187	3684625
187	315927
187	2704720
187	19278728
187	9630158
187	39681327
187	26589133
187	4393502
187	56296730
187	1201591
187	61622
187	34120229
187	58998173
187	21296224
187	2336903
187	6386814
187	62332908
187	12319895
187	4304957
270	27555054
270	18360639
270	43719
270	194904
270	6723885
270	86444
270	8484278
270	27496299
270	69888919
270	47271382
270	35544787
270	22901762
270	50304989
270	18409509
270	54936152
270	57390631
270	7733631
270	35716779
270	42235426
270	6374194
359	23675539
359	26378017
359	27665197
359	47137639
359	11576068
359	1856192
359	72035
359	68662678
359	47319284
359	5549672
359	56102434
359	282226
359	38776
359	12776876
359	5802344
359	66885059
359	50335074
359	2645513
359	51250193
359	967743
365	3921
365	62848482
365	65298666
365	29075960
365	1960952
365	17625262
365	848348
365	22359
365	50794472
365	6129782
365	22093
365	768856
365	27378
365	41139172
365	21592
365	69790143
365	49450841
365	22722486
365	28866920
365	48654081
400	21144027
400	9760384
400	56397706
400	1217122
400	69450950
400	58094046
400	19881366
400	21549727
400	194373
400	26995095
400	1448527
400	12861352
400	63274551
400	40541089
400	17622782
400	4466152
400	1527442
400	10456354
400	2596994
400	40003529
404	1584122
404	62521794
404	65726687
404	6975380
404	22143922
404	1365637
404	35678135
404	56835749
404	57575391
404	64987533
404	1699539
404	3649140
404	69410169
404	65864417
404	59982219
404	42985982
404	27989640
404	39464471
404	31933541
404	419056
480	27413422
480	65799903
480	42062980
480	11633515
480	51391
480	63708087
480	32513754
480	63435931
480	20296505
480	63030231
480	41368323
480	10374056
480	6376844
480	63055098
480	23380570
480	67967179
480	48558916
480	33350896
480	66849722
480	2500548
517	47934959
517	214801
517	68787338
517	2981063
517	481669
517	20596936
517	64412164
517	58484250
517	49655745
517	1875976
517	57634404
517	10005501
517	57442267
517	66274822
517	567284
517	5158812
517	1527095
517	36801352
517	457907
517	1533948
568	45617327
568	6793720
568	773977
568	4559718
568	218211
568	49189628
568	25775894
568	62965015
568	59949
568	1364343
568	1714754
568	61544855
568	30597024
568	17741875
568	2190792
568	59838522
568	22679738
568	13099345
568	3102972
568	61144671
596	4129579
596	4133285
596	5180
596	220046
596	11092324
596	4111418
596	30929442
596	242001
596	6896
596	13849906
596	66315
596	52398274
596	47616558
596	65622
596	733929
596	4309504
596	7888444
596	936085
596	5111982
596	34305838
715	3089584
715	772568
715	15110906
715	1788
715	14985464
715	19800187
715	42118119
715	22484758
715	17595071
715	382702
715	51385716
715	2787546
715	436187
715	35850812
715	44211754
715	54054334
715	50674372
715	2346493
715	59588994
715	402982
807	7714987
807	18013005
807	16543796
807	29224970
807	42653164
807	67742186
807	41703268
807	53186275
807	17844018
807	2886153
807	64332138
807	34531304
807	24065025
807	9006525
807	16715190
807	16217152
807	39414596
807	8649081
807	17843811
807	65899456
834	44269171
834	56285
834	573313
834	67111342
834	57127165
834	28805894
834	60284860
834	48611021
834	55499679
834	21325518
834	44311024
834	55751235
834	25386783
834	8840098
834	21629781
834	55191202
834	58855557
834	27139763
834	18567040
834	51909916
881	25801950
881	41089704
881	51582
881	57387510
881	16079566
881	34570096
881	616279
881	27318080
881	67141950
881	46795563
881	5241465
881	31675960
881	12421217
881	46795463
881	60323417
881	614836
881	15162635
881	44429057
881	1360939
881	21366049
883	12821460
883	9510
883	20263821
883	2924002
883	165981
883	181431
883	38384402
883	9960008
883	15225609
883	8860626
883	61553293
883	2305470
883	50725563
883	87606
883	5625754
883	3728377
883	29715451
883	55461109
883	1213168
883	275679
949	8685505
949	11185
949	41338940
949	21992780
949	52148295
949	40853640
949	65473053
949	1712326
949	51463428
949	54967685
949	44044949
949	45084659
949	22443992
949	46200358
949	875547
949	13433057
949	65821969
949	43167590
949	58064588
949	3880802
951	6140857
951	7290107
951	132821
951	2457622
951	28923219
951	9710254
951	2396086
951	6139032
951	26944509
951	8930387
951	27329378
951	5343636
951	2423557
951	48074331
951	16396275
951	11450984
951	35797683
951	1523780
951	3461974
951	20398146
955	61800413
955	69121006
955	56717294
955	62595930
955	1769468
955	42521351
955	2825163
955	52651705
955	36985798
955	151807
955	57133348
955	59899013
955	25392992
955	2819577
955	59394452
955	49260550
955	51220272
955	57711958
955	44652285
955	68780299
995	5078115
995	4487837
995	45318006
995	324108
995	4487760
995	447810
995	49980572
995	38409485
995	5340299
995	2493928
995	42939942
995	245392
995	397498
995	49373685
995	4477142
995	31097880
995	7652711
995	4486490
995	3082693
995	4481862
1018	56122002
1018	23964910
1018	62019792
1018	1662349
1018	1167930
1018	50695587
1018	36940292
1018	17365965
1018	22162785
1018	3231320
1018	8526625
1018	3517612
1018	8023536
1018	30993286
1018	2476925
1018	13544786
1018	957951
1018	51623488
1018	2503078
1018	39924837
1180	61009214
1180	17658703
1180	33119354
1180	17661972
1180	4769493
1180	29088675
1180	42281988
1180	67654548
1180	17824146
1180	18225996
1180	33913807
1180	45541620
1180	3159469
1180	17662723
1180	17662648
1180	17662960
1180	51728181
1180	34885729
1180	28980088
1180	17662107
1233	14790
1233	4275981
1233	17378626
1233	5856737
1233	2225201
1233	35731094
1233	39761336
1233	12935070
1233	51692350
1233	14155555
1233	53371247
1233	10014739
1233	35809702
1233	1328660
1233	35883281
1233	30810868
1233	17323087
1233	62621990
1233	8849364
1233	23156904
1328	33853886
1328	82533
1328	50141919
1328	67419609
1328	11431827
1328	172550
1328	22991838
1328	35305141
1328	362226
1328	28705056
1328	53528780
1328	20879276
1328	3375213
1328	37291851
1328	24657403
1328	4361682
1328	31340283
1328	67528275
1328	43517668
1328	8219149
1406	48510630
1406	15613
1406	1693246
1406	12161197
1406	30247956
1406	35191038
1406	54652123
1406	48213049
1406	47198161
1406	40580108
1406	59868567
1406	44211945
1406	2768815
1406	28362575
1406	54047298
1406	63830497
1406	44564789
1406	958144
1406	20287316
1406	25972117
1417	35694432
1417	17613054
1417	8956358
1417	15928
1417	739680
1417	558219
1417	1772690
1417	21027224
1417	11310959
1417	33701379
1417	10574314
1417	3014330
1417	577309
1417	1266567
1417	164062
1417	930136
1417	597445
1417	25114376
1417	3215667
1417	11906186
1448	149373
1448	5167754
1448	29392547
1448	39214331
1448	49834169
1448	52096378
1448	43129610
1448	39281919
1448	55206108
1448	2400264
1448	22499764
1448	26714717
1448	65893542
1448	793911
1448	9243178
1448	9123783
1448	65362667
1448	50231486
1448	48983277
1448	26653646
1479	80552
1479	5947514
1479	374290
1479	18342
1479	700750
1479	224842
1479	38927011
1479	39564684
1479	534412
1479	9895310
1479	50600664
1479	14689511
1479	21300477
1479	6196097
1479	63972272
1479	17437456
1479	17487382
1479	5744948
1479	9027995
1479	5255
1548	13954016
1548	20631644
1548	19501
1548	485429
1548	2507430
1548	3376850
1548	605431
1548	10460760
1548	30861578
1548	16746
1548	34396002
1548	3482085
1548	56004751
1548	32279080
1548	19028
1548	30987379
1548	29438604
1548	157498
1548	30655224
1548	11726144
1558	18831
1558	14220
1558	19636
1558	26673495
1558	173416
1558	326471
1558	373299
1558	279293
1558	1042164
1558	567826
1558	8997784
1558	1524543
1558	33543938
1558	1503369
1558	457210
1558	214737
1558	25750436
1558	730473
1558	696794
1558	159730
1647	1759402
1647	1460801
1647	8698952
1647	6772438
1647	8269176
1647	6937859
1647	18706030
1647	4467378
1647	60681385
1647	58746714
1647	27964683
1647	20029110
1647	9543226
1647	56348803
1647	33375331
1647	52829941
1647	12584334
1647	3627404
1647	18591791
1647	38416963
1806	21385
1806	24184059
1806	64965723
1806	21383
1806	63300501
1806	42512141
1806	2194752
1806	20733185
1806	65767595
1806	43938371
1806	11506458
1806	226734
1806	4006721
1806	30166811
1806	31538955
1806	18979830
1806	16279193
1806	19137760
1806	21388
1806	33617617
1821	57474427
1821	16703828
1821	11236984
1821	6389257
1821	505868
1821	54745132
1821	342846
1821	2737608
1821	46879960
1821	2890417
1821	51005626
1821	9116794
1821	4516020
1821	3514449
1821	651796
1821	39808671
1821	18456436
1821	40699433
1821	45453422
1821	31557696
1877	12259250
1877	31200350
1877	31816205
1877	11625778
1877	34236439
1877	34832619
1877	51488846
1877	31816241
1877	50002311
1877	42531240
1877	31223110
1877	29929853
1877	25077151
1877	34236482
1877	35299440
1877	31566075
1877	921214
1877	35672968
1877	59157339
1877	31190237
1884	23081957
1884	8560330
1884	59659098
1884	1600199
1884	36565334
1884	8560371
1884	21767594
1884	46565246
1884	65746997
1884	5327436
1884	18766288
1884	5228842
1884	3777288
1884	6585447
1884	51614042
1884	6089669
1884	45634969
1884	7093997
1884	51329870
1884	11347039
1890	408186
1890	97325
1890	18325
1890	44654916
1890	1113815
1890	4133752
1890	59624018
1890	2757229
1890	1055483
1890	14120866
1890	30945091
1890	1504343
1890	21509389
1890	51540712
1890	67556518
1890	1088597
1890	44278718
1890	24073766
1890	435576
1890	33995174
2000	27428734
2000	514075
2000	412032
2000	58048237
2000	22926
2000	1201454
2000	455919
2000	13689557
2000	60414009
2000	1010427
2000	63665392
2000	153433
2000	1551274
2000	6585439
2000	214201
2000	886680
2000	29108146
2000	3885852
2000	1011345
2000	25353172
2028	13448416
2028	69373138
2028	23637736
2028	995554
2028	59120831
2028	6180884
2028	2127621
2028	24624
2028	4439963
2028	1564758
2028	4359973
2028	40114888
2028	40416291
2028	995557
2028	548696
2028	4770362
2028	42554343
2028	2787256
2028	50716137
2028	37703760
2106	15490
2106	4352778
2106	2173511
2106	1679762
2106	45369
2106	815456
2106	18842395
2106	19721752
2106	45948
2106	14556895
2106	33856553
2106	13320842
2106	56870
2106	146109
2106	10325214
2106	40980889
2106	4983821
2106	1966992
2106	12360794
2106	349764
2153	850647
2153	5562272
2153	8662791
2153	8660189
2153	27717240
2153	8570363
2153	8566367
2153	11579625
2153	8133222
2153	8566951
2153	1806946
2153	215015
2153	8569635
2153	8569913
2153	605660
2153	5053040
2153	8570569
2153	1322799
2153	3004764
2153	566371
2160	42649883
2160	17692088
2160	32060877
2160	2155184
2160	5630993
2160	9986621
2160	34218923
2160	644688
2160	35926042
2160	37768851
2160	2184997
2160	9624728
2160	234339
2160	36267842
2160	47733924
2160	2993598
2160	42649354
2160	32972762
2160	45213778
2160	929012
2229	26847
2229	15025710
2229	30373614
2229	43473082
2229	59443250
2229	423023
2229	13992896
2229	38443580
2229	12309236
2229	683076
2229	49675879
2229	38775552
2229	33526804
2229	53874762
2229	472726
2229	328794
2229	18704434
2229	4135537
2229	37578255
2229	38860786
2244	68896842
2244	60841300
2244	54368899
2244	7364118
2244	42187695
2244	670670
2244	48324759
2244	62308599
2244	58711657
2244	31101250
2244	26551514
2244	49907674
2244	7848702
2244	523101
2244	17066371
2244	2113590
2244	51252681
2244	58432530
2244	41281024
2244	64096046
2448	49081840
2448	19137220
2448	1306473
2448	2249731
2448	34575163
2448	1059176
2448	2982759
2448	26913631
2448	16595333
2448	42389177
2448	2140799
2448	12576473
2448	7660403
2448	8251319
2448	21003784
2448	39240759
2448	27424282
2448	7843559
2448	5880400
2448	1306462
2483	62723109
2483	16890382
2483	20500642
2483	7615675
2483	523475
2483	61241986
2483	3351748
2483	67360208
2483	17945845
2483	69787909
2483	4723950
2483	321606
2483	16093357
2483	1291072
2483	4073331
2483	50043102
2483	39576371
2483	58865098
2483	37131738
2483	39982847
2758	20127412
2758	33734529
2758	36305899
2758	67499331
2758	19010531
2758	6556925
2758	46234172
2758	33276979
2758	2071765
2758	60770015
2758	21830760
2758	752
2758	36303864
2758	32104149
2758	57503665
2758	199145
2758	34410979
2758	19797750
2758	18985263
2758	55487546
2867	66326874
2867	66326871
2867	1995635
2867	52008924
2867	41674382
2867	29145699
2867	9758192
2867	25443870
2867	45236173
2867	16971584
2867	65657080
2867	190178
2867	56989528
2867	794854
2867	3248504
2867	53665518
2867	58364179
2867	1524381
2867	2004317
2867	50316736
2872	34377126
2872	41703431
2872	3957665
2872	41904886
2872	4553946
2872	31749230
2872	191466
2872	3957390
2872	37083592
2872	32693591
2872	37123790
2872	11502551
2872	265901
2872	47413842
2872	45660976
2872	2727091
2872	53391714
2872	31769841
2872	12675616
2872	67777515
