187	21296218
187	3684625
187	315927
187	2704720
187	19278728
187	9630158
187	39681327
187	26589133
187	4393502
187	56296730
187	1201591
187	61622
187	34120229
187	58998173
187	21296224
187	2336903
187	6386814
187	62332908
187	12319895
187	4304957
270	27555054
270	18360639
270	43719
270	194904
270	6723885
270	86444
270	8484278
270	27496299
270	69888919
270	47271382
270	35544787
270	22901762
270	50304989
270	18409509
270	54936152
270	57390631
270	7733631
270	35716779
270	42235426
270	6374194
359	27665197
359	68662678
359	12776876
359	5802344
359	26378017
359	2645513
359	32289193
359	6599247
359	35010305
359	72035
359	1330241
359	842859
359	282226
359	770037
359	27100757
359	8879273
359	1855492
359	634924
359	34967853
359	4749875
365	29148292
365	3921
365	50794472
365	55395086
365	29075960
365	4269341
365	41139172
365	57382577
365	27467033
365	22359
365	40410103
365	68973239
365	28866920
365	4446807
365	41459343
365	24499534
365	65138180
365	768856
365	11501230
365	47212289
400	9760384
400	1217122
400	194373
400	19210357
400	12861352
400	40541089
400	1527442
400	2596994
400	11214377
400	11838142
400	60222109
400	43954304
400	2293657
400	1134060
400	4466152
400	10037361
400	4062665
400	29075020
400	146304
400	85056
404	22143922
404	49107323
404	56835749
404	65864417
404	67187509
404	42985982
404	42868401
404	47339682
404	25120942
404	27857931
404	21057042
404	51581949
404	4994396
404	60222109
404	462298
404	40461658
404	6132745
404	19217475
404	59982219
404	16765005
480	65799903
480	63708087
480	63435931
480	63030231
480	63055098
480	67967179
480	66849722
480	69634019
480	63612268
480	63495566
480	67693224
480	69846606
480	63536836
480	63906007
480	64514667
480	63319438
480	63880659
480	68296474
480	63804580
480	64532400
517	47934959
517	214801
517	68787338
517	2981063
517	481669
517	20596936
517	64412164
517	58484250
517	49655745
517	1875976
517	57634404
517	10005501
517	57442267
517	66274822
517	567284
517	5158812
517	1527095
517	36801352
517	457907
517	1533948
568	1364343
568	13543
568	5211
568	6793720
568	1053299
568	218211
568	410868
568	6037917
568	4559718
568	49189628
568	1714754
568	606848
568	25814008
568	2190792
568	59949
568	57763169
568	24002394
568	5931351
568	15012
568	14895059
596	4129579
596	11092324
596	52398274
596	4133285
596	30929442
596	57783194
596	5180
596	13849906
596	220046
596	47616558
596	24568072
596	4111418
596	242001
596	18761076
596	57999718
596	6896
596	9488196
596	34305838
596	66315
596	13922892
715	6564969
715	4893687
715	856
715	3089584
715	772568
715	1788
715	13178218
715	1894077
715	42118119
715	102490
715	22484758
715	59703
715	382702
715	2787546
715	23173294
715	39781562
715	436187
715	44211754
715	50674372
715	12023636
807	42653164
807	64332138
807	2987511
807	28650532
807	875585
807	9006525
807	35054346
807	52745312
807	16943988
807	24998598
807	3597551
807	19908602
807	45698342
807	9899205
807	854316
807	2280213
807	2619840
807	6157170
807	18152985
807	25062692
834	56285
834	573313
834	28805894
834	60284860
834	63305503
834	25386783
834	8840098
834	55292984
834	44269171
834	21629781
834	49492645
834	55191202
834	58855557
834	27139763
834	18567040
834	51909916
834	18418857
834	36945138
834	513992
834	48424460
881	25801950
881	41089704
881	51582
881	57387510
881	16079566
881	34570096
881	616279
881	27318080
881	67141950
881	46795563
881	5241465
881	31675960
881	12421217
881	46795463
881	60323417
881	614836
881	15162635
881	44429057
881	1360939
881	21366049
883	9510
883	15225609
883	1929614
883	2924002
883	20263821
883	165981
883	8860626
883	1225329
883	9960008
883	181431
883	32383019
883	38384402
883	50725563
883	42702190
883	91199
883	30638059
883	87606
883	4278945
883	24511511
883	61090374
949	11185
949	1712326
949	44044949
949	22443992
949	13433057
949	48941875
949	58864450
949	33530557
949	28629308
949	8685505
949	43167590
949	1022287
949	504356
949	41338940
949	3775861
949	51610109
949	51522942
949	65473053
949	59821557
949	1940754
951	6140857
951	9295770
951	26868834
951	7290107
951	57867432
951	27980681
951	44122888
951	26944509
951	10030620
951	64010968
951	132821
951	4265080
951	4351435
951	8747532
951	24822703
951	339986
951	10781
951	6853799
951	4630223
951	66154
955	14214562
955	50266077
955	69443836
955	151807
955	27002888
955	34838846
955	55834592
955	30159510
955	74968
955	40537560
955	19077633
955	59899013
955	678533
955	31995603
955	39050021
955	31487606
955	69573806
955	5551857
955	50008069
955	9215946
995	4699587
995	26866
995	52259534
995	1838808
995	5078115
995	714862
995	447810
995	41365652
995	176332
995	7652711
995	19681795
995	49131671
995	23924014
995	24518242
995	2493928
995	44924380
995	47335
995	48870
995	34018284
995	26636521
1018	51159000
1018	48439033
1018	23976719
1018	62019792
1018	25735
1018	18951490
1018	10669
1018	1949968
1018	30993286
1018	56122002
1018	1662349
1018	25402
1018	6963
1018	25304788
1018	4883511
1018	2503073
1018	2378741
1018	33992878
1018	2503078
1018	3231320
1180	61016924
1180	22759519
1180	2651035
1180	59584452
1180	506886
1180	11677875
1180	6427687
1180	61009214
1180	402356
1180	1023831
1180	3085613
1180	3189597
1180	33913807
1180	31486
1180	18225996
1180	14423
1180	34885729
1180	7758482
1180	44244059
1180	52502231
1233	17378626
1233	14790
1233	35731094
1233	62621990
1233	10014739
1233	4275981
1233	17323087
1233	39761336
1233	55582066
1233	26800561
1233	5856737
1233	9869631
1233	51692174
1233	62785637
1233	1328660
1233	9386580
1233	51692350
1233	21956202
1233	567927
1233	62774943
1328	67419609
1328	68072997
1328	82533
1328	172550
1328	64709
1328	74581
1328	53528780
1328	11431827
1328	14227252
1328	18247391
1328	4361682
1328	32225828
1328	22991838
1328	50887239
1328	427627
1328	19230
1328	8195726
1328	228753
1328	28705056
1328	18947898
1406	48510630
1406	12161197
1406	30247956
1406	323708
1406	35191038
1406	48213049
1406	47198161
1406	44211945
1406	36238164
1406	2768815
1406	2148134
1406	53385677
1406	54047298
1406	44564789
1406	958144
1406	695588
1406	20287316
1406	57241631
1406	36460262
1406	15613
1417	22112840
1417	768788
1417	15928
1417	8419511
1417	597445
1417	8150800
1417	10574314
1417	177181
1417	20561307
1417	1772690
1417	498635
1417	739680
1417	1550016
1417	8956358
1417	3685355
1417	38300716
1417	730473
1417	11906186
1417	317947
1417	49750215
1448	149373
1448	69583954
1448	5167754
1448	39214331
1448	52096378
1448	55206108
1448	22499764
1448	51481730
1448	65893542
1448	63927532
1448	9243178
1448	26714717
1448	65362667
1448	12987523
1448	4249585
1448	46450106
1448	48983277
1448	3255815
1448	19660734
1448	12583824
1479	374290
1479	215403
1479	85441
1479	7003018
1479	1701800
1479	5254
1479	13804546
1479	14689511
1479	5947514
1479	700750
1479	77444
1479	80552
1479	8195726
1479	23829805
1479	45604013
1479	1407832
1479	30227165
1479	52632976
1479	21351321
1479	18342
1548	19501
1548	605431
1548	3482085
1548	30481904
1548	485429
1548	20631644
1548	3376850
1548	1713887
1548	13954016
1548	19028
1548	30044966
1548	16746
1548	11726144
1548	228344
1548	32279080
1548	10460760
1548	30482714
1548	34396002
1548	405660
1548	157498
1558	18831
1558	8997784
1558	4973465
1558	49403913
1558	33543938
1558	14740035
1558	58833484
1558	1337579
1558	373299
1558	25750436
1558	4230329
1558	1138100
1558	26673495
1558	35818365
1558	5381408
1558	1042164
1558	21653957
1558	63566825
1558	159730
1558	326471
1647	53096893
1647	1460801
1647	1759402
1647	44147035
1647	32898380
1647	194264
1647	53854143
1647	53084433
1647	18210026
1647	41688336
1647	8698952
1647	52804695
1647	458399
1647	6323252
1647	6937859
1647	36317220
1647	20029110
1647	4467378
1647	10128567
1647	3627404
1806	21383
1806	34543545
1806	8399106
1806	12311661
1806	21388
1806	85232
1806	1006061
1806	23769768
1806	21382
1806	2227627
1806	2292852
1806	6179952
1806	626168
1806	21392
1806	11734374
1806	21385
1806	21386
1806	46601856
1806	3385208
1806	2194752
1821	16703828
1821	6389257
1821	46879960
1821	57474427
1821	11236984
1821	1603729
1821	33499482
1821	51005626
1821	2737608
1821	11784881
1821	54745132
1821	505868
1821	9116794
1821	39808671
1821	342846
1821	11120263
1821	63584108
1821	3514449
1821	31557696
1821	40699433
1877	51292995
1877	35076265
1877	30104638
1877	8351234
1877	18375894
1877	44246285
1877	66894384
1877	35937111
1877	63724811
1877	18143785
1877	77745
1877	8351239
1877	961522
1877	22576
1877	42196
1877	34236439
1877	14244631
1877	2176142
1877	1610886
1877	48644
1884	538484
1884	18996620
1884	14201802
1884	671880
1884	22348
1884	2421192
1884	1600199
1884	6585447
1884	308831
1884	7699834
1884	277570
1884	51614042
1884	6723896
1884	47764352
1884	41943326
1884	65746997
1884	36565334
1884	618649
1884	37936942
1884	3777288
1890	97325
1890	1504343
1890	21509389
1890	1088597
1890	18325
1890	24073766
1890	1298157
1890	219343
1890	885845
1890	350699
1890	9599897
1890	56649920
1890	1392118
1890	435576
1890	65629090
1890	17116710
1890	10406906
1890	65990000
1890	31172966
1890	4186217
2000	27428734
2000	22926
2000	53372609
2000	13451538
2000	60414009
2000	514075
2000	412032
2000	8255383
2000	58048237
2000	63665392
2000	1061760
2000	6585439
2000	38460304
2000	29108146
2000	455919
2000	153433
2000	25353172
2000	43749773
2000	44211316
2000	1376826
2028	629945
2028	126860
2028	1849942
2028	23637736
2028	50716137
2028	4755830
2028	4770362
2028	42554343
2028	995557
2028	199630
2028	12773500
2028	69373138
2028	24624
2028	3182355
2028	995554
2028	61775069
2028	1564758
2028	172306
2028	11063590
2028	52621755
2106	1679762
2106	51976726
2106	45948
2106	13320842
2106	9125452
2106	146109
2106	516271
2106	52862067
2106	12360794
2106	152310
2106	23587995
2106	4324377
2106	5928921
2106	1509622
2106	152311
2106	16086005
2106	56636148
2106	907989
2106	403668
2106	16742975
2153	850647
2153	5562272
2153	8662791
2153	8660189
2153	27717240
2153	8570363
2153	8566367
2153	11579625
2153	8133222
2153	8566951
2153	1806946
2153	215015
2153	8569635
2153	8569913
2153	605660
2153	5053040
2153	8570569
2153	1322799
2153	3004764
2153	566371
2160	6972665
2160	5630993
2160	48951292
2160	34644241
2160	234339
2160	47456671
2160	42649354
2160	42649883
2160	1977320
2160	8896599
2160	1385966
2160	471603
2160	57266418
2160	40468223
2160	3795151
2160	17692088
2160	4875399
2160	22222318
2160	238561
2160	17593881
2229	26847
2229	15025710
2229	30373614
2229	43473082
2229	59443250
2229	423023
2229	13992896
2229	38443580
2229	12309236
2229	683076
2229	49675879
2229	38775552
2229	33526804
2229	53874762
2229	472726
2229	328794
2229	18704434
2229	4135537
2229	37578255
2229	38860786
2244	19592358
2244	10692867
2244	41441314
2244	1043541
2244	32847407
2244	33013249
2244	2854492
2244	17284685
2244	2658411
2244	10187741
2244	23096872
2244	5864499
2244	694679
2244	4997076
2244	7848702
2244	1452701
2244	19928219
2244	22565527
2244	33046179
2244	21413757
2448	20913771
2448	48376125
2448	10179334
2448	47380758
2448	32421053
2448	42389177
2448	7665661
2448	3417042
2448	34983006
2448	2249731
2448	358153
2448	1306462
2448	1306473
2448	35472027
2448	17837535
2448	49081840
2448	6823594
2448	40128079
2448	34575163
2448	19137220
2483	8869913
2483	3351748
2483	47444364
2483	61241986
2483	20053096
2483	13319450
2483	7845903
2483	34963026
2483	9317513
2483	58865098
2483	17333088
2483	4723950
2483	33774811
2483	49621739
2483	13319456
2483	4073331
2483	69787909
2483	8988347
2483	37131738
2483	4752265
2758	20127412
2758	33734529
2758	36305899
2758	67499331
2758	19010531
2758	6556925
2758	46234172
2758	33276979
2758	2071765
2758	60770015
2758	21830760
2758	752
2758	36303864
2758	32104149
2758	57503665
2758	199145
2758	34410979
2758	19797750
2758	18985263
2758	55487546
2867	66326874
2867	180270
2867	66326871
2867	47736220
2867	391556
2867	8946043
2867	58971803
2867	27444173
2867	47262468
2867	2746457
2867	33991284
2867	44086487
2867	4142234
2867	2919086
2867	50259143
2867	904537
2867	56075578
2867	4996942
2867	9811991
2867	25070133
2872	41703431
2872	3957665
2872	41904886
2872	4553946
2872	34377126
2872	51379803
2872	34246949
2872	31749230
2872	37083592
2872	32693591
2872	11502551
2872	35484075
2872	265901
2872	47413842
2872	2616336
2872	7633197
2872	45660976
2872	53371247
2872	3957390
2872	2727091
