187	39681327
187	44225499
187	1724617
187	12319895
187	32403779
187	1194886
187	3424781
187	14547147
187	10582830
187	3699685
187	31815960
187	4393502
187	2336903
187	932532
187	20475183
187	5583008
187	48932198
187	35981916
187	45487379
187	6386814
270	69888919
270	43719
270	13050806
270	27496299
270	3884195
270	56653298
270	19199156
270	27426976
270	6425462
270	23378936
270	1452898
270	51211288
270	34844533
270	51030203
270	40845382
270	946574
270	6723885
270	42235426
270	18934854
270	51542555
359	23675539
359	26378017
359	72035
359	68662678
359	27665197
359	38776
359	11576068
359	59525014
359	12776876
359	1856192
359	62865340
359	5549672
359	66885059
359	602667
359	282226
359	973037
359	770037
359	5802344
359	2645513
359	7205646
365	50794472
365	29148292
365	3921
365	4269341
365	33029233
365	29075960
365	22359
365	4446807
365	41139172
365	55395086
365	33029203
365	768856
365	27467033
365	23243839
365	6129782
365	28866920
365	40410103
365	24499534
365	11501230
365	848348
400	21144027
400	17181306
400	194373
400	9760384
400	58094046
400	19210357
400	1448527
400	1217122
400	12861352
400	2596994
400	4466152
400	23158981
400	19881366
400	38390763
400	52877823
400	1527442
400	11838142
400	26995095
400	11214377
400	40003529
404	22143922
404	4865153
404	47339682
404	56835749
404	27857931
404	4994396
404	25120942
404	49107323
404	65864417
404	6132745
404	21057042
404	42868401
404	17109645
404	2290079
404	67187509
404	16765005
404	462298
404	51581949
404	11415129
404	60222109
480	66849722
480	63880659
480	68296474
480	67967182
480	63528961
480	65799903
480	67030365
480	63589782
480	66125058
480	63366215
480	63435931
480	63365006
480	63387388
480	63405840
480	65508613
480	63449958
480	66188669
480	69846606
480	63391492
480	66945124
517	214801
517	57636050
517	49655745
517	57631795
517	1875976
517	57634330
517	3216124
517	10005501
517	39397783
517	17928575
517	30885339
517	33310448
517	47934959
517	10005670
517	20760475
517	433417
517	36110979
517	46352192
517	14769490
517	3048828
568	1364343
568	13543
568	5211
568	6793720
568	1053299
568	218211
568	410868
568	6037917
568	4559718
568	49189628
568	1714754
568	606848
568	25814008
568	2190792
568	59949
568	57763169
568	24002394
568	5931351
568	15012
568	14895059
596	4129579
596	4133285
596	5180
596	220046
596	11092324
596	4111418
596	30929442
596	242001
596	6896
596	13849906
596	66315
596	52398274
596	47616558
596	65622
596	733929
596	4309504
596	7888444
596	936085
596	5111982
596	34305838
715	6564969
715	1788
715	4893687
715	23173294
715	436187
715	50674372
715	12023636
715	3974738
715	41198757
715	8761347
715	1211937
715	34449201
715	40498413
715	1003438
715	713248
715	19429105
715	679904
715	4097647
715	47128429
715	29565427
807	7714987
807	18013005
807	16543796
807	29224970
807	42653164
807	67742186
807	41703268
807	53186275
807	17844018
807	2886153
807	64332138
807	34531304
807	24065025
807	9006525
807	16715190
807	16217152
807	39414596
807	8649081
807	17843811
807	65899456
834	44269171
834	28805894
834	60284860
834	55751235
834	8840098
834	25386783
834	27139763
834	51909916
834	36945138
834	513992
834	52124303
834	581401
834	3585500
834	2533526
834	46365983
834	1451167
834	2474722
834	49492645
834	22750982
834	227321
881	25801950
881	41089704
881	51582
881	57387510
881	16079566
881	34570096
881	616279
881	27318080
881	67141950
881	46795563
881	5241465
881	31675960
881	12421217
881	46795463
881	60323417
881	614836
881	15162635
881	44429057
881	1360939
881	21366049
883	9510
883	15225609
883	1929614
883	2924002
883	20263821
883	165981
883	8860626
883	1225329
883	9960008
883	181431
883	32383019
883	38384402
883	50725563
883	42702190
883	91199
883	30638059
883	87606
883	4278945
883	24511511
883	61090374
949	11185
949	44044949
949	22443992
949	58864450
949	1712326
949	43167590
949	13433057
949	65473053
949	8685505
949	41338940
949	33530557
949	1022287
949	53843519
949	504356
949	51522942
949	28629308
949	54967685
949	3775861
949	52148295
949	31847810
951	10781
951	48789314
951	79026
951	69613994
951	26964550
951	56874355
951	549378
951	67500
951	42655989
951	306611
951	13996322
951	7504750
951	4265080
951	2824490
951	63797424
951	56282527
951	58170048
951	33852659
951	3254329
951	26868834
955	74968
955	27002888
955	50266077
955	151807
955	62595930
955	19077633
955	50008069
955	8543798
955	29470561
955	6041305
955	3878392
955	9687413
955	8611948
955	9215946
955	5035585
955	16116147
955	3459253
955	5706143
955	74928
955	285923
995	5078115
995	4487837
995	45318006
995	324108
995	4487760
995	447810
995	49980572
995	38409485
995	5340299
995	2493928
995	42939942
995	245392
995	397498
995	49373685
995	4477142
995	31097880
995	7652711
995	4486490
995	3082693
995	4481862
1018	51159000
1018	48439033
1018	23976719
1018	62019792
1018	25735
1018	18951490
1018	10669
1018	1949968
1018	30993286
1018	56122002
1018	1662349
1018	25402
1018	6963
1018	25304788
1018	4883511
1018	2503073
1018	2378741
1018	33992878
1018	2503078
1018	3231320
1180	61009214
1180	17658703
1180	33119354
1180	17661972
1180	4769493
1180	29088675
1180	42281988
1180	67654548
1180	17824146
1180	18225996
1180	33913807
1180	45541620
1180	3159469
1180	17662723
1180	17662648
1180	17662960
1180	51728181
1180	34885729
1180	28980088
1180	17662107
1233	14790
1233	17378626
1233	4275981
1233	5856737
1233	35731094
1233	54878097
1233	39761336
1233	51692174
1233	51692350
1233	11520018
1233	10014739
1233	1328660
1233	17323087
1233	62621990
1233	26800561
1233	9869631
1233	4873754
1233	567927
1233	2225201
1233	55582066
1328	33853886
1328	82533
1328	50141919
1328	67419609
1328	11431827
1328	172550
1328	22991838
1328	35305141
1328	362226
1328	28705056
1328	53528780
1328	20879276
1328	3375213
1328	37291851
1328	24657403
1328	4361682
1328	31340283
1328	67528275
1328	43517668
1328	8219149
1406	30247956
1406	35191038
1406	958144
1406	25972117
1406	489959
1406	1492517
1406	9306767
1406	22851296
1406	6866425
1406	1693246
1406	7467558
1406	2073367
1406	7360269
1406	34088534
1406	23841712
1406	38567164
1406	948694
1406	2768815
1406	5207691
1406	739866
1417	15928
1417	33701379
1417	35441520
1417	60157886
1417	597445
1417	8956358
1417	8150800
1417	33974127
1417	1772690
1417	35694432
1417	17613054
1417	56641724
1417	739680
1417	10574314
1417	3685355
1417	21027224
1417	1266567
1417	49750215
1417	53070037
1417	33744416
1448	22499764
1448	39214331
1448	149373
1448	69583954
1448	26714717
1448	52096378
1448	5167754
1448	9243178
1448	55206108
1448	12987523
1448	51481730
1448	4249585
1448	19660734
1448	65893542
1448	48983277
1448	12583824
1448	3255815
1448	18137585
1448	37688948
1448	63927532
1479	7003018
1479	374290
1479	1701800
1479	13804546
1479	215403
1479	5254
1479	700750
1479	80552
1479	23829805
1479	30227165
1479	5947514
1479	85441
1479	18342
1479	44344161
1479	18949668
1479	30767114
1479	1175121
1479	534412
1479	1407832
1479	5057326
1548	228344
1548	19501
1548	13954016
1548	485429
1548	16746
1548	19525
1548	3376850
1548	65212
1548	3482085
1548	47184306
1548	17098
1548	19028
1548	52018352
1548	30374
1548	1289929
1548	65711325
1548	11726144
1548	3672685
1548	56004751
1548	34396002
1558	18831
1558	4973465
1558	8997784
1558	14740035
1558	58833484
1558	33543938
1558	1337579
1558	373299
1558	221484
1558	25750436
1558	1138100
1558	5381408
1558	1042164
1558	49403913
1558	159730
1558	326471
1558	567826
1558	173416
1558	39693688
1558	29039078
1647	53096893
1647	1460801
1647	1759402
1647	44147035
1647	32898380
1647	194264
1647	53854143
1647	53084433
1647	18210026
1647	41688336
1647	8698952
1647	52804695
1647	458399
1647	6323252
1647	6937859
1647	36317220
1647	20029110
1647	4467378
1647	10128567
1647	3627404
1806	21383
1806	34543545
1806	8399106
1806	12311661
1806	21388
1806	85232
1806	1006061
1806	23769768
1806	21382
1806	2227627
1806	2292852
1806	6179952
1806	626168
1806	21392
1806	11734374
1806	21385
1806	21386
1806	46601856
1806	3385208
1806	2194752
1821	6389257
1821	505868
1821	9116794
1821	7265907
1821	57474427
1821	6920861
1821	11236984
1821	13767639
1821	58885776
1821	3283535
1821	63179790
1821	3018952
1821	1244143
1821	31557696
1821	9317619
1821	6577002
1821	354214
1821	284967
1821	3556835
1821	1438001
1877	34832586
1877	27566
1877	14244631
1877	34832619
1877	35937111
1877	51488846
1877	16590486
1877	42533626
1877	24719017
1877	921214
1877	29260687
1877	2176142
1877	35777538
1877	31190237
1877	921231
1877	30726039
1877	84727
1877	50002311
1877	19312759
1877	63724811
1884	23081957
1884	8560330
1884	36565334
1884	21767594
1884	59659098
1884	1600199
1884	11347039
1884	51614042
1884	32016924
1884	8560371
1884	11760254
1884	65746997
1884	45634969
1884	5327436
1884	17497528
1884	5228842
1884	11295741
1884	51329870
1884	19253475
1884	59232059
1890	408186
1890	20095109
1890	59624018
1890	44654916
1890	97325
1890	31523350
1890	18325
1890	67556518
1890	51540712
1890	14120866
1890	1113815
1890	55556900
1890	30945091
1890	219343
1890	44278718
1890	4133752
1890	25602832
1890	65678890
1890	5205277
1890	51191939
2000	27428734
2000	514075
2000	412032
2000	58048237
2000	22926
2000	1201454
2000	455919
2000	13689557
2000	60414009
2000	1010427
2000	63665392
2000	153433
2000	1551274
2000	6585439
2000	214201
2000	886680
2000	29108146
2000	3885852
2000	1011345
2000	25353172
2028	629945
2028	126860
2028	1849942
2028	23637736
2028	50716137
2028	4755830
2028	4770362
2028	42554343
2028	995557
2028	199630
2028	12773500
2028	69373138
2028	24624
2028	3182355
2028	995554
2028	61775069
2028	1564758
2028	172306
2028	11063590
2028	52621755
2106	15490
2106	4352778
2106	2173511
2106	1679762
2106	45369
2106	815456
2106	18842395
2106	19721752
2106	45948
2106	14556895
2106	33856553
2106	13320842
2106	56870
2106	146109
2106	10325214
2106	40980889
2106	4983821
2106	1966992
2106	12360794
2106	349764
2153	850647
2153	5562272
2153	8662791
2153	8660189
2153	27717240
2153	8570363
2153	8566367
2153	11579625
2153	8133222
2153	8566951
2153	1806946
2153	215015
2153	8569635
2153	8569913
2153	605660
2153	5053040
2153	8570569
2153	1322799
2153	3004764
2153	566371
2160	42649883
2160	17692088
2160	32060877
2160	2155184
2160	5630993
2160	9986621
2160	34218923
2160	644688
2160	35926042
2160	37768851
2160	2184997
2160	9624728
2160	234339
2160	36267842
2160	47733924
2160	2993598
2160	42649354
2160	32972762
2160	45213778
2160	929012
2229	26847
2229	15025710
2229	30373614
2229	43473082
2229	59443250
2229	423023
2229	13992896
2229	38443580
2229	12309236
2229	683076
2229	49675879
2229	38775552
2229	33526804
2229	53874762
2229	472726
2229	328794
2229	18704434
2229	4135537
2229	37578255
2229	38860786
2244	68896842
2244	60841300
2244	54368899
2244	7364118
2244	42187695
2244	670670
2244	48324759
2244	62308599
2244	58711657
2244	31101250
2244	26551514
2244	49907674
2244	7848702
2244	523101
2244	17066371
2244	2113590
2244	51252681
2244	58432530
2244	41281024
2244	64096046
2448	49081840
2448	19137220
2448	1306473
2448	2249731
2448	34575163
2448	1059176
2448	2982759
2448	26913631
2448	16595333
2448	42389177
2448	2140799
2448	12576473
2448	7660403
2448	8251319
2448	21003784
2448	39240759
2448	27424282
2448	7843559
2448	5880400
2448	1306462
2483	62723109
2483	16890382
2483	20500642
2483	7615675
2483	523475
2483	61241986
2483	3351748
2483	67360208
2483	17945845
2483	69787909
2483	4723950
2483	321606
2483	16093357
2483	1291072
2483	4073331
2483	50043102
2483	39576371
2483	58865098
2483	37131738
2483	39982847
2758	20127412
2758	33734529
2758	36305899
2758	67499331
2758	19010531
2758	6556925
2758	46234172
2758	33276979
2758	2071765
2758	60770015
2758	21830760
2758	752
2758	36303864
2758	32104149
2758	57503665
2758	199145
2758	34410979
2758	19797750
2758	18985263
2758	55487546
2867	22612452
2867	39238641
2867	66326874
2867	391556
2867	27444173
2867	48518858
2867	66326871
2867	4142234
2867	47262468
2867	45637145
2867	63181067
2867	33991284
2867	3248504
2867	36115675
2867	56075578
2867	9811991
2867	5990791
2867	52008924
2867	59840206
2867	9758192
2872	41703431
2872	3957665
2872	41904886
2872	4553946
2872	34377126
2872	51379803
2872	34246949
2872	31749230
2872	37083592
2872	32693591
2872	11502551
2872	35484075
2872	265901
2872	47413842
2872	2616336
2872	7633197
2872	45660976
2872	53371247
2872	3957390
2872	2727091
