187	26589133
187	21296218
187	44331442
187	34120229
187	56296730
187	19278728
187	39681327
187	12319895
187	21296224
187	33066340
187	315927
187	44225499
187	32403779
187	69391314
187	1194886
187	9630158
187	35981916
187	2704720
187	30653780
187	3684625
270	43719
270	69888919
270	27496299
270	56653298
270	6425462
270	23378936
270	51030203
270	40845382
270	42235426
270	18934854
270	23802396
270	47750625
270	23657622
270	23632328
270	13056502
270	23710350
270	32972750
270	2221521
270	33751816
270	28016410
359	23675539
359	26378017
359	27665197
359	47137639
359	11576068
359	1856192
359	72035
359	68662678
359	47319284
359	5549672
359	56102434
359	282226
359	38776
359	12776876
359	5802344
359	66885059
359	50335074
359	2645513
359	51250193
359	967743
365	29148292
365	3921
365	50794472
365	55395086
365	29075960
365	4269341
365	41139172
365	57382577
365	27467033
365	22359
365	40410103
365	68973239
365	28866920
365	4446807
365	41459343
365	24499534
365	65138180
365	768856
365	11501230
365	47212289
400	21144027
400	17181306
400	194373
400	9760384
400	58094046
400	19210357
400	1448527
400	1217122
400	12861352
400	2596994
400	4466152
400	23158981
400	19881366
400	38390763
400	52877823
400	1527442
400	11838142
400	26995095
400	11214377
400	40003529
404	56835749
404	65864417
404	32009749
404	47339682
404	49107323
404	2144199
404	42868401
404	22143922
404	63088864
404	51581949
404	40461658
404	67187509
404	27857931
404	65946227
404	4865153
404	25120942
404	24826354
404	39170396
404	4994396
404	50428492
480	65799903
480	63708087
480	63435931
480	63030231
480	63055098
480	67967179
480	66849722
480	69634019
480	63612268
480	63495566
480	67693224
480	69846606
480	63536836
480	63906007
480	64514667
480	63319438
480	63880659
480	68296474
480	63804580
480	64532400
517	57442267
517	66274822
517	36801352
517	49242921
517	39476776
517	68787338
517	26711820
517	2418729
517	42885779
517	44174200
517	1875976
517	462118
517	463388
517	482418
517	2291120
517	33097517
517	168486
517	576490
517	2778709
517	47501545
568	773977
568	49189628
568	59838522
568	6793720
568	3102972
568	22679738
568	3223411
568	4588717
568	32062510
568	1161559
568	16836322
568	7425846
568	842232
568	23747728
568	615233
568	5931351
568	35610028
568	36443197
568	63159914
568	20108376
596	4129579
596	242001
596	220046
596	11092324
596	4133285
596	6896
596	5180
596	13849906
596	66315
596	23635
596	4111418
596	7888444
596	9488196
596	57999718
596	30929442
596	52398274
596	3723978
596	936085
596	4963419
596	47616558
715	6564969
715	1788
715	4893687
715	23173294
715	436187
715	50674372
715	12023636
715	3974738
715	41198757
715	8761347
715	1211937
715	34449201
715	40498413
715	1003438
715	713248
715	19429105
715	679904
715	4097647
715	47128429
715	29565427
807	42653164
807	64332138
807	2987511
807	28650532
807	875585
807	9006525
807	35054346
807	52745312
807	16943988
807	24998598
807	3597551
807	19908602
807	45698342
807	9899205
807	854316
807	2280213
807	2619840
807	6157170
807	18152985
807	25062692
834	56285
834	35110380
834	52577251
834	49492645
834	44269171
834	48611021
834	57127165
834	60284860
834	2253313
834	52124303
834	8840098
834	436022
834	67045296
834	54982911
834	28805894
834	64481325
834	67111342
834	36031245
834	55191202
834	55070376
881	62295581
881	68306720
881	51582
881	40211357
881	57387510
881	57860131
881	41089704
881	40200438
881	64782702
881	41862176
881	38119580
881	37729052
881	40200415
881	62651599
881	21366049
881	34259806
881	16079566
881	9457
881	42886441
881	52312148
883	9510
883	12821460
883	38384402
883	2924002
883	20263821
883	55461109
883	165981
883	9960008
883	50725563
883	2305470
883	15225609
883	87606
883	42702190
883	8860626
883	5625754
883	53241280
883	3728377
883	32383019
883	38785398
883	1213168
949	11185
949	44044949
949	22443992
949	58864450
949	1712326
949	43167590
949	13433057
949	65473053
949	8685505
949	41338940
949	33530557
949	1022287
949	53843519
949	504356
949	51522942
949	28629308
949	54967685
949	3775861
949	52148295
949	31847810
951	6140857
951	9295770
951	26868834
951	7290107
951	57867432
951	27980681
951	44122888
951	26944509
951	10030620
951	64010968
951	132821
951	4265080
951	4351435
951	8747532
951	24822703
951	339986
951	10781
951	6853799
951	4630223
951	66154
955	151807
955	14214562
955	74968
955	69443836
955	27002888
955	55834592
955	30159510
955	50266077
955	59899013
955	678533
955	19077633
955	466768
955	5551857
955	69573806
955	57738809
955	34838846
955	62595930
955	31995603
955	31487606
955	8611948
995	4699587
995	23924014
995	35843159
995	67313346
995	447810
995	27529871
995	45318006
995	2493928
995	27275282
995	37336511
995	69986847
995	4498383
995	28830841
995	42070705
995	5078115
995	12604740
995	49980572
995	67320680
995	4487837
995	22033656
1018	56122002
1018	23964910
1018	62019792
1018	1662349
1018	1167930
1018	50695587
1018	36940292
1018	17365965
1018	22162785
1018	3231320
1018	8526625
1018	3517612
1018	8023536
1018	30993286
1018	2476925
1018	13544786
1018	957951
1018	51623488
1018	2503078
1018	39924837
1180	3189597
1180	17658703
1180	49881992
1180	59584452
1180	14423
1180	33119354
1180	3199258
1180	17974170
1180	34885729
1180	3114677
1180	17661972
1180	61016924
1180	506886
1180	29088675
1180	42281988
1180	445913
1180	33913807
1180	402356
1180	32809731
1180	44244059
1233	9386580
1233	14790
1233	5856737
1233	8082232
1233	9869631
1233	17378626
1233	4366321
1233	10014739
1233	4275981
1233	567915
1233	1313021
1233	21956202
1233	19076840
1233	35731094
1233	45466047
1233	39761336
1233	723885
1233	62513719
1233	2210161
1233	51692174
1328	33853886
1328	82533
1328	67419609
1328	172550
1328	11431827
1328	362226
1328	53528780
1328	22991838
1328	28705056
1328	3890101
1328	20879276
1328	3375213
1328	4361682
1328	8219149
1328	1275053
1328	24657403
1328	31340283
1328	919326
1328	24122510
1328	14853237
1406	12161197
1406	48510630
1406	15613
1406	59868567
1406	30247956
1406	35191038
1406	28362575
1406	1693246
1406	48213049
1406	54047298
1406	20287316
1406	47198161
1406	25972117
1406	2768815
1406	40580108
1406	26947682
1406	57241631
1406	44211945
1406	958144
1406	9306767
1417	15928
1417	597445
1417	33757107
1417	60157886
1417	8150800
1417	2405976
1417	28970227
1417	8255569
1417	8956358
1417	9843827
1417	35441520
1417	35694432
1417	17613054
1417	743567
1417	1772690
1417	10574314
1417	29332054
1417	739680
1417	44167045
1417	25978090
1448	149373
1448	69583954
1448	5167754
1448	39214331
1448	52096378
1448	55206108
1448	22499764
1448	51481730
1448	65893542
1448	63927532
1448	9243178
1448	26714717
1448	65362667
1448	12987523
1448	4249585
1448	46450106
1448	48983277
1448	3255815
1448	19660734
1448	12583824
1479	374290
1479	215403
1479	85441
1479	7003018
1479	1701800
1479	5254
1479	13804546
1479	14689511
1479	5947514
1479	700750
1479	77444
1479	80552
1479	8195726
1479	23829805
1479	45604013
1479	1407832
1479	30227165
1479	52632976
1479	21351321
1479	18342
1548	34396002
1548	42777906
1548	605431
1548	30987379
1548	20631644
1548	3530966
1548	340332
1548	32279080
1548	15356703
1548	53383113
1548	1365014
1548	10460760
1548	29438604
1548	8010079
1548	10483627
1548	3406454
1548	56105548
1548	65711325
1548	25889294
1548	47184306
1558	18831
1558	4973465
1558	8997784
1558	14740035
1558	58833484
1558	33543938
1558	1337579
1558	373299
1558	25750436
1558	4230329
1558	1138100
1558	5381408
1558	1042164
1558	49403913
1558	159730
1558	326471
1558	173416
1558	63566825
1558	35818365
1558	26673495
1647	61037951
1647	17046267
1647	3923951
1647	63938023
1647	458399
1647	52955902
1647	1759402
1647	5215751
1647	9306991
1647	65897976
1647	1399702
1647	194264
1647	38149833
1647	595565
1647	52646797
1647	42888334
1647	41688336
1647	355632
1647	4274137
1647	62844619
1806	21383
1806	34543545
1806	8399106
1806	12311661
1806	21388
1806	85232
1806	1006061
1806	23769768
1806	21382
1806	2227627
1806	2292852
1806	6179952
1806	626168
1806	21392
1806	11734374
1806	21385
1806	21386
1806	46601856
1806	3385208
1806	2194752
1821	2737608
1821	11236984
1821	16703828
1821	57474427
1821	40698351
1821	11784881
1821	33499482
1821	6389257
1821	4761282
1821	54745132
1821	1603729
1821	505868
1821	651796
1821	51005626
1821	1438001
1821	342846
1821	148351
1821	11120263
1821	38388084
1821	46879960
1877	34832586
1877	27566
1877	14244631
1877	34832619
1877	35937111
1877	51488846
1877	16590486
1877	42533626
1877	24719017
1877	921214
1877	29260687
1877	2176142
1877	35777538
1877	31190237
1877	921231
1877	30726039
1877	84727
1877	50002311
1877	19312759
1877	63724811
1884	23081957
1884	8560330
1884	36565334
1884	21767594
1884	59659098
1884	1600199
1884	11347039
1884	51614042
1884	32016924
1884	8560371
1884	11760254
1884	65746997
1884	45634969
1884	5327436
1884	17497528
1884	5228842
1884	11295741
1884	51329870
1884	19253475
1884	59232059
1890	14120866
1890	39353050
1890	541048
1890	408186
1890	4133752
1890	14987
1890	65990000
1890	1125669
1890	2757229
1890	69036214
1890	294500
1890	51540712
1890	5165163
1890	20095109
1890	37896895
1890	22937795
1890	58958484
1890	66186126
1890	69306075
1890	22068
2000	27428734
2000	22926
2000	53372609
2000	13451538
2000	60414009
2000	514075
2000	412032
2000	8255383
2000	58048237
2000	63665392
2000	1061760
2000	6585439
2000	38460304
2000	29108146
2000	455919
2000	153433
2000	25353172
2000	43749773
2000	44211316
2000	1376826
2028	13448416
2028	23637736
2028	69373138
2028	6180884
2028	59120831
2028	24624
2028	995554
2028	548696
2028	4439963
2028	995557
2028	1564758
2028	4359973
2028	6220317
2028	40416291
2028	2787256
2028	4770362
2028	6246114
2028	42554343
2028	88290
2028	37703760
2106	15490
2106	4352778
2106	2173511
2106	1679762
2106	45369
2106	815456
2106	18842395
2106	19721752
2106	45948
2106	14556895
2106	33856553
2106	13320842
2106	56870
2106	146109
2106	10325214
2106	40980889
2106	4983821
2106	1966992
2106	12360794
2106	349764
2153	67782
2153	27672
2153	42968330
2153	58662616
2153	27717240
2153	3607388
2153	11579625
2153	5515578
2153	9010996
2153	35861147
2153	32619343
2153	850647
2153	2216361
2153	46853846
2153	8662791
2153	182975
2153	232182
2153	951957
2153	41420292
2153	18403421
2160	42649883
2160	17692088
2160	32060877
2160	2155184
2160	5630993
2160	9986621
2160	34218923
2160	644688
2160	35926042
2160	37768851
2160	2184997
2160	9624728
2160	234339
2160	36267842
2160	47733924
2160	2993598
2160	42649354
2160	32972762
2160	45213778
2160	929012
2229	26847
2229	47246185
2229	33526804
2229	38443580
2229	328794
2229	38860786
2229	18247391
2229	13992896
2229	15025710
2229	57440492
2229	18048
2229	49675879
2229	683076
2229	59443250
2229	7252916
2229	40478003
2229	1109827
2229	53874762
2229	43473082
2229	54506295
2244	17066371
2244	14984940
2244	32847407
2244	42187695
2244	44569579
2244	31101250
2244	7827291
2244	63099214
2244	43156044
2244	35409673
2244	55912014
2244	49907674
2244	43155453
2244	19592358
2244	52951938
2244	9287864
2244	40242261
2244	43155848
2244	7848702
2244	41470413
2448	19137220
2448	2249731
2448	49081840
2448	26913631
2448	57973057
2448	2140799
2448	27424282
2448	34575163
2448	21789419
2448	1306473
2448	12576473
2448	42389177
2448	67761230
2448	8251319
2448	16614200
2448	16595333
2448	5880400
2448	39240759
2448	32421053
2448	6958722
2483	3351748
2483	7845903
2483	8869913
2483	47444364
2483	4723950
2483	61241986
2483	20053096
2483	13319450
2483	6484240
2483	34963026
2483	4073331
2483	58865098
2483	9317513
2483	17333088
2483	4752265
2483	18770147
2483	33774811
2483	13319456
2483	8988347
2483	3784959
2758	33734529
2758	6556925
2758	2071765
2758	49652468
2758	43989344
2758	752
2758	20127412
2758	36305899
2758	199145
2758	18985263
2758	19010531
2758	2787344
2758	39292117
2758	2140563
2758	46234172
2758	33276979
2758	36303864
2758	21830760
2758	228936
2758	32104149
2867	66326874
2867	180270
2867	66326871
2867	47736220
2867	391556
2867	8946043
2867	58971803
2867	27444173
2867	47262468
2867	2746457
2867	33991284
2867	44086487
2867	4142234
2867	2919086
2867	50259143
2867	904537
2867	56075578
2867	4996942
2867	9811991
2867	25070133
2872	41904886
2872	3957390
2872	9833634
2872	32693591
2872	37123790
2872	12675616
2872	57511711
2872	34377126
2872	29208685
2872	50855518
2872	57474574
2872	43331095
2872	24349431
2872	41703431
2872	57936499
2872	35911312
2872	33142196
2872	36334822
2872	15428689
2872	34236639
