187	39681327
187	44225499
187	1724617
187	12319895
187	32403779
187	1194886
187	3424781
187	14547147
187	10582830
187	3699685
187	31815960
187	4393502
187	2336903
187	932532
187	20475183
187	5583008
187	48932198
187	35981916
187	45487379
187	6386814
270	6425462
270	23378936
270	42235426
270	18934854
270	69888919
270	50304989
270	27496299
270	19199156
270	3884195
270	14287446
270	55074800
270	34844533
270	27080292
270	56421195
270	56653298
270	19136808
270	36583540
270	25332399
270	36816808
270	13050806
359	23675539
359	26378017
359	27665197
359	47137639
359	11576068
359	1856192
359	72035
359	68662678
359	47319284
359	5549672
359	56102434
359	282226
359	38776
359	12776876
359	5802344
359	66885059
359	50335074
359	2645513
359	51250193
359	967743
365	50794472
365	29148292
365	3921
365	4269341
365	33029233
365	29075960
365	22359
365	4446807
365	41139172
365	55395086
365	33029203
365	768856
365	27467033
365	23243839
365	6129782
365	28866920
365	40410103
365	24499534
365	11501230
365	848348
400	21144027
400	9760384
400	56397706
400	1217122
400	69450950
400	58094046
400	19881366
400	21549727
400	194373
400	26995095
400	1448527
400	12861352
400	63274551
400	40541089
400	17622782
400	4466152
400	1527442
400	10456354
400	2596994
400	40003529
404	1584122
404	62521794
404	65726687
404	6975380
404	22143922
404	1365637
404	35678135
404	56835749
404	57575391
404	64987533
404	1699539
404	3649140
404	69410169
404	65864417
404	59982219
404	42985982
404	27989640
404	39464471
404	31933541
404	419056
480	27413422
480	65799903
480	42062980
480	11633515
480	51391
480	63708087
480	32513754
480	63435931
480	20296505
480	63030231
480	41368323
480	10374056
480	6376844
480	63055098
480	23380570
480	67967179
480	48558916
480	33350896
480	66849722
480	2500548
517	57442267
517	66274822
517	36801352
517	49242921
517	39476776
517	68787338
517	26711820
517	2418729
517	42885779
517	44174200
517	1875976
517	462118
517	463388
517	482418
517	2291120
517	33097517
517	168486
517	576490
517	2778709
517	47501545
568	45617327
568	6793720
568	773977
568	4559718
568	218211
568	49189628
568	25775894
568	62965015
568	59949
568	1364343
568	1714754
568	61544855
568	30597024
568	17741875
568	2190792
568	59838522
568	22679738
568	13099345
568	3102972
568	61144671
596	4129579
596	4133285
596	5180
596	220046
596	11092324
596	4111418
596	30929442
596	242001
596	6896
596	13849906
596	66315
596	52398274
596	47616558
596	65622
596	733929
596	4309504
596	7888444
596	936085
596	5111982
596	34305838
715	24259303
715	6564969
715	42118119
715	59361951
715	13178218
715	4893687
715	44211754
715	22484758
715	856
715	23173294
715	50674372
715	3089584
715	55696891
715	12023636
715	772568
715	41198757
715	10578039
715	1788
715	8761347
715	34449201
807	7714987
807	18013005
807	16543796
807	29224970
807	42653164
807	67742186
807	41703268
807	53186275
807	17844018
807	2886153
807	64332138
807	34531304
807	24065025
807	9006525
807	16715190
807	16217152
807	39414596
807	8649081
807	17843811
807	65899456
834	44269171
834	56285
834	573313
834	67111342
834	57127165
834	28805894
834	60284860
834	48611021
834	55499679
834	21325518
834	44311024
834	55751235
834	25386783
834	8840098
834	21629781
834	55191202
834	58855557
834	27139763
834	18567040
834	51909916
881	25801950
881	41089704
881	51582
881	57387510
881	16079566
881	34570096
881	616279
881	27318080
881	67141950
881	46795563
881	5241465
881	31675960
881	12421217
881	46795463
881	60323417
881	614836
881	15162635
881	44429057
881	1360939
881	21366049
883	12821460
883	9510
883	20263821
883	2924002
883	165981
883	181431
883	38384402
883	9960008
883	15225609
883	8860626
883	61553293
883	2305470
883	50725563
883	87606
883	5625754
883	3728377
883	29715451
883	55461109
883	1213168
883	275679
949	8685505
949	11185
949	41338940
949	21992780
949	52148295
949	40853640
949	65473053
949	1712326
949	51463428
949	54967685
949	44044949
949	45084659
949	22443992
949	46200358
949	875547
949	13433057
949	65821969
949	43167590
949	58064588
949	3880802
951	6140857
951	7290107
951	132821
951	2457622
951	28923219
951	9710254
951	2396086
951	6139032
951	26944509
951	8930387
951	27329378
951	5343636
951	2423557
951	48074331
951	16396275
951	11450984
951	35797683
951	1523780
951	3461974
951	20398146
955	151807
955	14214562
955	74968
955	69443836
955	27002888
955	55834592
955	30159510
955	50266077
955	59899013
955	678533
955	19077633
955	466768
955	5551857
955	69573806
955	57738809
955	34838846
955	62595930
955	31995603
955	31487606
955	8611948
995	5078115
995	4487837
995	45318006
995	324108
995	4487760
995	447810
995	49980572
995	38409485
995	5340299
995	2493928
995	42939942
995	245392
995	397498
995	49373685
995	4477142
995	31097880
995	7652711
995	4486490
995	3082693
995	4481862
1018	56122002
1018	23964910
1018	62019792
1018	1662349
1018	1167930
1018	50695587
1018	36940292
1018	17365965
1018	22162785
1018	3231320
1018	8526625
1018	3517612
1018	8023536
1018	30993286
1018	2476925
1018	13544786
1018	957951
1018	51623488
1018	2503078
1018	39924837
1180	61009214
1180	17658703
1180	33119354
1180	17661972
1180	4769493
1180	29088675
1180	42281988
1180	67654548
1180	17824146
1180	18225996
1180	33913807
1180	45541620
1180	3159469
1180	17662723
1180	17662648
1180	17662960
1180	51728181
1180	34885729
1180	28980088
1180	17662107
1233	9386580
1233	14790
1233	5856737
1233	8082232
1233	9869631
1233	17378626
1233	4366321
1233	10014739
1233	4275981
1233	567915
1233	1313021
1233	21956202
1233	19076840
1233	35731094
1233	45466047
1233	39761336
1233	723885
1233	62513719
1233	2210161
1233	51692174
1328	33853886
1328	11431827
1328	22991838
1328	53528780
1328	1275053
1328	2944700
1328	24657403
1328	919326
1328	24688923
1328	26322591
1328	3549920
1328	188480
1328	7422799
1328	14227252
1328	24808757
1328	42597767
1328	3690512
1328	46399007
1328	17089096
1328	7491824
1406	48510630
1406	15613
1406	1693246
1406	12161197
1406	30247956
1406	35191038
1406	54652123
1406	48213049
1406	47198161
1406	40580108
1406	59868567
1406	44211945
1406	2768815
1406	28362575
1406	54047298
1406	63830497
1406	44564789
1406	958144
1406	20287316
1406	25972117
1417	597445
1417	8956358
1417	35441520
1417	17613054
1417	1266567
1417	11906186
1417	49750215
1417	3014330
1417	53814691
1417	32091196
1417	3177392
1417	577309
1417	34062674
1417	33597830
1417	30713555
1417	4936131
1417	57296316
1417	10720030
1417	3055532
1417	63336720
1448	149373
1448	5167754
1448	29392547
1448	39214331
1448	49834169
1448	52096378
1448	43129610
1448	39281919
1448	55206108
1448	2400264
1448	22499764
1448	26714717
1448	65893542
1448	793911
1448	9243178
1448	9123783
1448	65362667
1448	50231486
1448	48983277
1448	26653646
1479	80552
1479	5947514
1479	374290
1479	18342
1479	700750
1479	224842
1479	38927011
1479	39564684
1479	534412
1479	9895310
1479	50600664
1479	14689511
1479	21300477
1479	6196097
1479	63972272
1479	17437456
1479	17487382
1479	5744948
1479	9027995
1479	5255
1548	34396002
1548	42777906
1548	605431
1548	30987379
1548	20631644
1548	3530966
1548	340332
1548	32279080
1548	15356703
1548	53383113
1548	1365014
1548	10460760
1548	29438604
1548	8010079
1548	10483627
1548	3406454
1548	56105548
1548	65711325
1548	25889294
1548	47184306
1558	8997784
1558	4230329
1558	4973465
1558	33543938
1558	35557313
1558	31052235
1558	277380
1558	25750436
1558	1138100
1558	27606747
1558	4131576
1558	12192866
1558	5381408
1558	9468205
1558	1042164
1558	10636131
1558	256363
1558	26673495
1558	641270
1558	1570072
1647	1759402
1647	1460801
1647	8698952
1647	6772438
1647	8269176
1647	6937859
1647	18706030
1647	4467378
1647	60681385
1647	58746714
1647	27964683
1647	20029110
1647	9543226
1647	56348803
1647	33375331
1647	52829941
1647	12584334
1647	3627404
1647	18591791
1647	38416963
1806	24184059
1806	66272249
1806	42512141
1806	21385
1806	20733185
1806	64591380
1806	43938371
1806	11506458
1806	58855410
1806	21383
1806	51416439
1806	30166811
1806	56101016
1806	50406616
1806	16279193
1806	61281829
1806	2194752
1806	47865520
1806	19137760
1806	60896083
1821	6389257
1821	505868
1821	9116794
1821	7265907
1821	57474427
1821	6920861
1821	11236984
1821	13767639
1821	58885776
1821	3283535
1821	63179790
1821	3018952
1821	1244143
1821	31557696
1821	9317619
1821	6577002
1821	354214
1821	284967
1821	3556835
1821	1438001
1877	12259250
1877	31200350
1877	31816205
1877	11625778
1877	34236439
1877	34832619
1877	51488846
1877	31816241
1877	50002311
1877	42531240
1877	31223110
1877	29929853
1877	25077151
1877	34236482
1877	35299440
1877	31566075
1877	921214
1877	35672968
1877	59157339
1877	31190237
1884	5327436
1884	17497528
1884	416605
1884	4676892
1884	5467747
1884	32052228
1884	417279
1884	1600199
1884	275937
1884	2702986
1884	5396061
1884	1532647
1884	1000718
1884	743715
1884	11471780
1884	275915
1884	54135162
1884	379213
1884	726176
1884	6459483
1890	408186
1890	97325
1890	18325
1890	44654916
1890	1113815
1890	4133752
1890	59624018
1890	2757229
1890	1055483
1890	14120866
1890	30945091
1890	1504343
1890	21509389
1890	51540712
1890	67556518
1890	1088597
1890	44278718
1890	24073766
1890	435576
1890	33995174
2000	27428734
2000	58048237
2000	6585439
2000	455919
2000	412032
2000	751455
2000	3885852
2000	1201454
2000	153433
2000	846283
2000	4620457
2000	23278182
2000	3811800
2000	1010427
2000	6417897
2000	886680
2000	1498802
2000	13945642
2000	214201
2000	2064265
2028	13448416
2028	69373138
2028	23637736
2028	995554
2028	59120831
2028	6180884
2028	2127621
2028	24624
2028	4439963
2028	1564758
2028	4359973
2028	40114888
2028	40416291
2028	995557
2028	548696
2028	4770362
2028	42554343
2028	2787256
2028	50716137
2028	37703760
2106	1679762
2106	516271
2106	5928921
2106	16086005
2106	16742975
2106	465264
2106	152315
2106	1001375
2106	2855447
2106	718315
2106	146109
2106	758617
2106	333978
2106	3247716
2106	540383
2106	479653
2106	763934
2106	4913705
2106	543446
2106	529498
2153	850647
2153	5562272
2153	8662791
2153	8660189
2153	27717240
2153	8570363
2153	8566367
2153	11579625
2153	8133222
2153	8566951
2153	1806946
2153	215015
2153	8569635
2153	8569913
2153	605660
2153	5053040
2153	8570569
2153	1322799
2153	3004764
2153	566371
2160	48951292
2160	5630993
2160	1977320
2160	6972665
2160	234339
2160	34644241
2160	331693
2160	40468223
2160	47456671
2160	42649354
2160	419631
2160	471603
2160	3795151
2160	42649883
2160	57266418
2160	49336830
2160	4875399
2160	8896599
2160	22222318
2160	6789514
2229	30373614
2229	49675879
2229	12309236
2229	43473082
2229	683076
2229	53874762
2229	37578255
2229	54506295
2229	18942158
2229	472726
2229	17264570
2229	18704434
2229	2048291
2229	375445
2229	54023711
2229	8888768
2229	57440492
2229	11144147
2229	60916712
2229	4135537
2244	17066371
2244	14984940
2244	32847407
2244	42187695
2244	44569579
2244	31101250
2244	7827291
2244	63099214
2244	43156044
2244	35409673
2244	55912014
2244	49907674
2244	43155453
2244	19592358
2244	52951938
2244	9287864
2244	40242261
2244	43155848
2244	7848702
2244	41470413
2448	49081840
2448	19137220
2448	1306473
2448	2249731
2448	34575163
2448	1059176
2448	2982759
2448	26913631
2448	16595333
2448	42389177
2448	2140799
2448	12576473
2448	7660403
2448	8251319
2448	21003784
2448	39240759
2448	27424282
2448	7843559
2448	5880400
2448	1306462
2483	3351748
2483	7845903
2483	8869913
2483	47444364
2483	4723950
2483	61241986
2483	20053096
2483	13319450
2483	6484240
2483	34963026
2483	4073331
2483	58865098
2483	9317513
2483	17333088
2483	4752265
2483	18770147
2483	33774811
2483	13319456
2483	8988347
2483	3784959
2758	33276979
2758	34410979
2758	19377453
2758	67499331
2758	6556925
2758	190452
2758	2071765
2758	2920947
2758	42180168
2758	532964
2758	16252367
2758	25031973
2758	67690364
2758	6079658
2758	20127412
2758	23087396
2758	37294330
2758	1214879
2758	15678352
2758	18152904
2867	66326874
2867	180270
2867	66326871
2867	47736220
2867	391556
2867	8946043
2867	58971803
2867	27444173
2867	47262468
2867	2746457
2867	33991284
2867	44086487
2867	4142234
2867	2919086
2867	50259143
2867	904537
2867	56075578
2867	4996942
2867	9811991
2867	25070133
2872	41904886
2872	3957390
2872	9833634
2872	32693591
2872	37123790
2872	12675616
2872	57511711
2872	34377126
2872	29208685
2872	50855518
2872	57474574
2872	43331095
2872	24349431
2872	41703431
2872	57936499
2872	35911312
2872	33142196
2872	36334822
2872	15428689
2872	34236639
