187	21296218
187	19278728
187	26589133
187	21296224
187	47454294
187	315927
187	12319895
187	44331442
187	9342301
187	49550577
187	39681327
187	1976944
187	44225499
187	2704720
187	3684625
187	2573677
187	1724617
187	4393502
187	9788947
187	35981916
270	27496299
270	51030203
270	43719
270	69888919
270	23378936
270	40845382
270	6425462
270	18934854
270	56653298
270	42235426
270	2221521
270	23802396
270	47750625
270	1452898
270	23657622
270	54793859
270	2181526
270	50304989
270	23632328
270	57390631
359	23675539
359	26378017
359	72035
359	68662678
359	27665197
359	38776
359	11576068
359	59525014
359	12776876
359	1856192
359	62865340
359	5549672
359	66885059
359	602667
359	282226
359	973037
359	770037
359	5802344
359	2645513
359	7205646
365	50794472
365	29075960
365	848348
365	29148292
365	3921
365	22359
365	4269341
365	15419697
365	41139172
365	17625262
365	4446807
365	55395086
365	15417898
365	1643014
365	768856
365	23676858
365	20269926
365	10248979
365	27467033
365	5183398
400	11838142
400	23717349
400	45555053
400	60455101
400	9760384
400	1217122
400	62927182
400	1448527
400	1666392
400	55283601
400	650407
400	52819689
400	4466152
400	83045
400	58094046
400	42859003
400	19210357
400	24661041
400	68056110
400	1350983
404	22143922
404	4865153
404	47339682
404	56835749
404	27857931
404	4994396
404	25120942
404	49107323
404	65864417
404	6132745
404	21057042
404	42868401
404	17109645
404	2290079
404	67187509
404	16765005
404	462298
404	51581949
404	11415129
404	60222109
480	66849722
480	63880659
480	68296474
480	67967182
480	63528961
480	65799903
480	67030365
480	63589782
480	66125058
480	63366215
480	63435931
480	63365006
480	63387388
480	63405840
480	65508613
480	63449958
480	66188669
480	69846606
480	63391492
480	66945124
517	47934959
517	214801
517	68787338
517	2981063
517	481669
517	20596936
517	64412164
517	58484250
517	49655745
517	1875976
517	57634404
517	10005501
517	57442267
517	66274822
517	567284
517	5158812
517	1527095
517	36801352
517	457907
517	1533948
568	45617327
568	6793720
568	2190792
568	218211
568	773977
568	1161559
568	4559718
568	25226723
568	22679738
568	49189628
568	25814008
568	57366236
568	25775894
568	21533971
568	32062510
568	59949
568	7425846
568	50808317
568	1364343
568	1082197
596	4129579
596	4133285
596	5180
596	220046
596	11092324
596	242001
596	4581532
596	30708641
596	6896
596	13849906
596	29055775
596	66315
596	36781827
596	52398274
596	65622
596	42252089
596	733929
596	7888444
596	936085
596	5111982
715	6564969
715	3089584
715	4893687
715	42118119
715	856
715	22484758
715	13178218
715	382702
715	772568
715	34449201
715	59703
715	1788
715	436187
715	1003438
715	24259303
715	44211754
715	166826
715	4097647
715	102490
715	12023636
807	42653164
807	64332138
807	2987511
807	28650532
807	875585
807	9006525
807	35054346
807	52745312
807	16943988
807	24998598
807	3597551
807	19908602
807	45698342
807	9899205
807	854316
807	2280213
807	2619840
807	6157170
807	18152985
807	25062692
834	56285
834	28805894
834	44269171
834	67111342
834	573313
834	21325518
834	48611021
834	18567040
834	25386783
834	57127165
834	513992
834	51909916
834	8840098
834	581401
834	21629781
834	36945138
834	60284860
834	436022
834	27139763
834	52124303
881	25801950
881	41089704
881	51582
881	57387510
881	16079566
881	34570096
881	616279
881	27318080
881	67141950
881	46795563
881	5241465
881	31675960
881	12421217
881	46795463
881	60323417
881	614836
881	15162635
881	44429057
881	1360939
881	21366049
883	12821460
883	9510
883	20263821
883	2924002
883	165981
883	181431
883	38384402
883	9960008
883	15225609
883	8860626
883	61553293
883	2305470
883	50725563
883	87606
883	5625754
883	3728377
883	29715451
883	55461109
883	1213168
883	275679
949	43167590
949	3775861
949	11185
949	5686076
949	790968
949	51522942
949	1712326
949	1070171
949	632922
949	44044949
949	37251246
949	39315095
949	21106462
949	22443992
949	43682202
949	52512463
949	48260469
949	13433057
949	49156677
949	31167437
951	10781
951	48789314
951	79026
951	69613994
951	26964550
951	56874355
951	549378
951	67500
951	42655989
951	306611
951	13996322
951	7504750
951	4265080
951	2824490
951	63797424
951	56282527
951	58170048
951	33852659
951	3254329
951	26868834
955	69573806
955	27002888
955	74968
955	151807
955	31995603
955	55834592
955	19077633
955	39050021
955	14214562
955	50008069
955	59899013
955	5551857
955	60292190
955	69443836
955	678533
955	40537560
955	13922616
955	57738809
955	8543798
955	48375000
995	4699587
995	23924014
995	35843159
995	67313346
995	447810
995	27529871
995	45318006
995	2493928
995	27275282
995	37336511
995	69986847
995	4498383
995	28830841
995	42070705
995	5078115
995	12604740
995	49980572
995	67320680
995	4487837
995	22033656
1018	51159000
1018	48439033
1018	23976719
1018	62019792
1018	25735
1018	18951490
1018	10669
1018	1949968
1018	30993286
1018	56122002
1018	1662349
1018	25402
1018	6963
1018	25304788
1018	4883511
1018	2503073
1018	2378741
1018	33992878
1018	2503078
1018	3231320
1180	61009214
1180	17658703
1180	33119354
1180	17661972
1180	4769493
1180	29088675
1180	42281988
1180	67654548
1180	17824146
1180	18225996
1180	33913807
1180	45541620
1180	3159469
1180	17662723
1180	17662648
1180	17662960
1180	51728181
1180	34885729
1180	28980088
1180	17662107
1233	14790
1233	17378626
1233	4275981
1233	5856737
1233	35731094
1233	54878097
1233	39761336
1233	51692174
1233	51692350
1233	11520018
1233	10014739
1233	1328660
1233	17323087
1233	62621990
1233	26800561
1233	9869631
1233	4873754
1233	567927
1233	2225201
1233	55582066
1328	82533
1328	67419609
1328	172550
1328	15043
1328	20993536
1328	362226
1328	25009206
1328	53528780
1328	1275053
1328	3375213
1328	8219149
1328	24657403
1328	31533498
1328	624166
1328	14853237
1328	24688923
1328	60393413
1328	25426162
1328	1637809
1328	28266720
1406	35191038
1406	12161197
1406	48510630
1406	44564789
1406	2768815
1406	47198161
1406	15613
1406	958144
1406	20287316
1406	44211945
1406	1693246
1406	25972117
1406	33984846
1406	30247956
1406	26947682
1406	37211507
1406	1492517
1406	2681086
1406	48213049
1406	22851209
1417	15928
1417	33701379
1417	35441520
1417	60157886
1417	597445
1417	8956358
1417	8150800
1417	33974127
1417	1772690
1417	35694432
1417	17613054
1417	56641724
1417	739680
1417	10574314
1417	3685355
1417	21027224
1417	1266567
1417	49750215
1417	53070037
1417	33744416
1448	149373
1448	52096378
1448	5167754
1448	39214331
1448	69583954
1448	65893542
1448	9243178
1448	55206108
1448	12987523
1448	48983277
1448	39749128
1448	22499764
1448	19660734
1448	13831434
1448	51481730
1448	2468003
1448	61146442
1448	55366546
1448	26714717
1448	24240636
1479	894300
1479	5254
1479	66108446
1479	2271900
1479	215403
1479	8195726
1479	10091
1479	18949668
1479	9396843
1479	700750
1479	743972
1479	1407832
1479	18657
1479	85441
1479	1082450
1479	534412
1479	5222720
1479	1311923
1479	1175121
1479	39216602
1548	34396002
1548	42777906
1548	605431
1548	30987379
1548	20631644
1548	3530966
1548	340332
1548	32279080
1548	15356703
1548	53383113
1548	1365014
1548	10460760
1548	29438604
1548	8010079
1548	10483627
1548	3406454
1548	56105548
1548	65711325
1548	25889294
1548	47184306
1558	18831
1558	4973465
1558	8997784
1558	14740035
1558	58833484
1558	33543938
1558	1337579
1558	373299
1558	221484
1558	25750436
1558	1138100
1558	5381408
1558	1042164
1558	49403913
1558	159730
1558	326471
1558	567826
1558	173416
1558	39693688
1558	29039078
1647	1759402
1647	1460801
1647	8698952
1647	6772438
1647	8269176
1647	6937859
1647	18706030
1647	4467378
1647	60681385
1647	58746714
1647	27964683
1647	20029110
1647	9543226
1647	56348803
1647	33375331
1647	52829941
1647	12584334
1647	3627404
1647	18591791
1647	38416963
1806	21383
1806	34543545
1806	8399106
1806	12311661
1806	21388
1806	85232
1806	1006061
1806	23769768
1806	21382
1806	2227627
1806	2292852
1806	6179952
1806	626168
1806	21392
1806	11734374
1806	21385
1806	21386
1806	46601856
1806	3385208
1806	2194752
1821	16703828
1821	6389257
1821	46879960
1821	57474427
1821	11236984
1821	1603729
1821	33499482
1821	51005626
1821	2737608
1821	11784881
1821	54745132
1821	505868
1821	9116794
1821	39808671
1821	342846
1821	11120263
1821	63584108
1821	3514449
1821	31557696
1821	40699433
1877	34832586
1877	27566
1877	14244631
1877	34832619
1877	35937111
1877	51488846
1877	16590486
1877	42533626
1877	24719017
1877	921214
1877	29260687
1877	2176142
1877	35777538
1877	31190237
1877	921231
1877	30726039
1877	84727
1877	50002311
1877	19312759
1877	63724811
1884	538484
1884	18996620
1884	14201802
1884	671880
1884	22348
1884	2421192
1884	1600199
1884	6585447
1884	308831
1884	7699834
1884	277570
1884	51614042
1884	6723896
1884	47764352
1884	41943326
1884	65746997
1884	36565334
1884	618649
1884	37936942
1884	3777288
1890	408186
1890	20095109
1890	59624018
1890	44654916
1890	97325
1890	31523350
1890	18325
1890	67556518
1890	51540712
1890	14120866
1890	1113815
1890	55556900
1890	30945091
1890	219343
1890	44278718
1890	4133752
1890	25602832
1890	65678890
1890	5205277
1890	51191939
2000	27428734
2000	514075
2000	412032
2000	58048237
2000	22926
2000	1201454
2000	455919
2000	13689557
2000	60414009
2000	1010427
2000	63665392
2000	153433
2000	1551274
2000	6585439
2000	214201
2000	886680
2000	29108146
2000	3885852
2000	1011345
2000	25353172
2028	13448416
2028	69373138
2028	23637736
2028	995554
2028	59120831
2028	6180884
2028	2127621
2028	24624
2028	4439963
2028	1564758
2028	4359973
2028	40114888
2028	40416291
2028	995557
2028	548696
2028	4770362
2028	42554343
2028	2787256
2028	50716137
2028	37703760
2106	13320842
2106	1679762
2106	9125452
2106	51976726
2106	45948
2106	52862067
2106	12360794
2106	146109
2106	23587995
2106	516271
2106	16086005
2106	42588011
2106	16742975
2106	152310
2106	56636148
2106	14205557
2106	4324377
2106	23379522
2106	5928921
2106	44386562
2153	9010996
2153	49780696
2153	2053697
2153	31628413
2153	27672
2153	27717240
2153	3004764
2153	243891
2153	850647
2153	23955733
2153	5562272
2153	566371
2153	48302728
2153	8662791
2153	2441004
2153	2216361
2153	11579625
2153	36391242
2153	8660189
2153	5784365
2160	6972665
2160	5630993
2160	48951292
2160	34644241
2160	234339
2160	47456671
2160	42649354
2160	42649883
2160	1977320
2160	8896599
2160	1385966
2160	471603
2160	57266418
2160	40468223
2160	3795151
2160	17692088
2160	4875399
2160	22222318
2160	238561
2160	17593881
2229	26847
2229	38775552
2229	38443580
2229	43473082
2229	15025710
2229	54506295
2229	13992896
2229	472726
2229	30373614
2229	21156505
2229	47246185
2229	59443250
2229	423023
2229	18048
2229	33526804
2229	49675879
2229	2242612
2229	39353017
2229	12309236
2229	328794
2244	19592358
2244	10692867
2244	41441314
2244	1043541
2244	32847407
2244	33013249
2244	2854492
2244	17284685
2244	2658411
2244	10187741
2244	23096872
2244	5864499
2244	694679
2244	4997076
2244	7848702
2244	1452701
2244	19928219
2244	22565527
2244	33046179
2244	21413757
2448	49081840
2448	19137220
2448	1306473
2448	2249731
2448	34575163
2448	1059176
2448	2982759
2448	26913631
2448	16595333
2448	42389177
2448	2140799
2448	12576473
2448	7660403
2448	8251319
2448	21003784
2448	39240759
2448	27424282
2448	7843559
2448	5880400
2448	1306462
2483	3351748
2483	4073331
2483	8988347
2483	10397273
2483	7056522
2483	978504
2483	21405138
2483	963515
2483	4800977
2483	4727723
2483	26256228
2483	546017
2483	13904266
2483	3075523
2483	65311177
2483	321606
2483	39827689
2483	7482609
2483	9889179
2483	9993503
2758	33734529
2758	6556925
2758	240072
2758	2071765
2758	752
2758	60809423
2758	20127412
2758	59599890
2758	18985263
2758	32104149
2758	19010531
2758	46234172
2758	212222
2758	33276979
2758	67690364
2758	36303864
2758	141330
2758	43829091
2758	1087755
2758	34410979
2867	22612452
2867	39238641
2867	66326874
2867	391556
2867	27444173
2867	48518858
2867	66326871
2867	4142234
2867	47262468
2867	45637145
2867	63181067
2867	33991284
2867	3248504
2867	36115675
2867	56075578
2867	9811991
2867	5990791
2867	52008924
2867	59840206
2867	9758192
2872	41703431
2872	53391714
2872	265901
2872	37123790
2872	3957665
2872	191466
2872	667977
2872	9833634
2872	26491558
2872	43915275
2872	63037922
2872	24349431
2872	34377126
2872	43331095
2872	38085355
2872	31868114
2872	35669307
2872	4553946
2872	41904886
2872	32444237
