187	4304957
187	10582830
187	315927
187	19278728
187	3684625
187	1201591
187	3970948
187	58998173
187	2704720
187	3581883
187	21296224
187	4393502
187	44225499
187	28496761
187	4414172
187	54044
187	9630158
187	43509183
187	25652303
187	6386814
270	27496299
270	51030203
270	43719
270	69888919
270	23378936
270	40845382
270	6425462
270	18934854
270	56653298
270	42235426
270	2221521
270	23802396
270	47750625
270	1452898
270	23657622
270	54793859
270	2181526
270	50304989
270	23632328
270	57390631
359	27665197
359	68662678
359	12776876
359	5802344
359	26378017
359	2645513
359	32289193
359	6599247
359	35010305
359	72035
359	1330241
359	842859
359	282226
359	770037
359	27100757
359	8879273
359	1855492
359	634924
359	34967853
359	4749875
365	50794472
365	4269341
365	29075960
365	848348
365	4446807
365	41459343
365	41139172
365	28866920
365	24499534
365	11501230
365	12713983
365	5760249
365	42752580
365	19067219
365	51692185
365	20269926
365	23380704
365	5183398
365	10248979
365	22092
400	9760384
400	58094046
400	10275800
400	194373
400	4633395
400	2687106
400	12861352
400	58892508
400	40541089
400	54337868
400	40003529
400	52877823
400	25120942
400	5602683
400	50760497
400	4580374
400	53332661
400	55675076
400	4438249
400	65759077
404	1584122
404	62521794
404	65726687
404	6975380
404	22143922
404	1365637
404	35678135
404	56835749
404	57575391
404	64987533
404	1699539
404	3649140
404	69410169
404	65864417
404	59982219
404	42985982
404	27989640
404	39464471
404	31933541
404	419056
480	66849722
480	63880659
480	68296474
480	67967182
480	63528961
480	65799903
480	67030365
480	63589782
480	66125058
480	63366215
480	63435931
480	63365006
480	63387388
480	63405840
480	65508613
480	63449958
480	66188669
480	69846606
480	63391492
480	66945124
517	47934959
517	214801
517	66274822
517	68787338
517	481669
517	58484250
517	567284
517	20596936
517	1875976
517	9161315
517	49655745
517	10005501
517	36801352
517	57442267
517	31383333
517	5158812
517	457907
517	49242921
517	576490
517	61938488
568	45617327
568	6793720
568	2190792
568	218211
568	773977
568	1161559
568	4559718
568	25226723
568	22679738
568	49189628
568	25814008
568	57366236
568	25775894
568	21533971
568	32062510
568	59949
568	7425846
568	50808317
568	1364343
568	1082197
596	4129579
596	242001
596	220046
596	11092324
596	4133285
596	6896
596	5180
596	13849906
596	66315
596	23635
596	4111418
596	7888444
596	9488196
596	57999718
596	30929442
596	52398274
596	3723978
596	936085
596	4963419
596	47616558
715	3089584
715	772568
715	15110906
715	1788
715	14985464
715	19800187
715	42118119
715	22484758
715	17595071
715	382702
715	51385716
715	2787546
715	436187
715	35850812
715	44211754
715	54054334
715	50674372
715	2346493
715	59588994
715	402982
807	7714987
807	16543796
807	41703268
807	18226761
807	18013005
807	42653164
807	64332138
807	35054346
807	2886153
807	53186275
807	9006525
807	24065025
807	17844018
807	16715190
807	23126741
807	8649081
807	16217152
807	65899456
807	16943988
807	17843811
834	44269171
834	56285
834	573313
834	67111342
834	57127165
834	28805894
834	60284860
834	48611021
834	55499679
834	21325518
834	44311024
834	55751235
834	25386783
834	8840098
834	21629781
834	55191202
834	58855557
834	27139763
834	18567040
834	51909916
881	62295581
881	68306720
881	51582
881	40211357
881	57387510
881	57860131
881	41089704
881	40200438
881	64782702
881	41862176
881	38119580
881	37729052
881	40200415
881	62651599
881	21366049
881	34259806
881	16079566
881	9457
881	42886441
881	52312148
883	9510
883	12821460
883	38384402
883	2924002
883	20263821
883	55461109
883	165981
883	9960008
883	50725563
883	2305470
883	15225609
883	87606
883	42702190
883	8860626
883	5625754
883	53241280
883	3728377
883	32383019
883	38785398
883	1213168
949	43167590
949	3775861
949	11185
949	5686076
949	790968
949	51522942
949	1712326
949	1070171
949	632922
949	44044949
949	37251246
949	39315095
949	21106462
949	22443992
949	43682202
949	52512463
949	48260469
949	13433057
949	49156677
949	31167437
951	6140857
951	26868834
951	7290107
951	339986
951	9295770
951	27980681
951	10030620
951	29436591
951	57867432
951	26944509
951	4265080
951	37005714
951	44122888
951	132821
951	49545897
951	64010968
951	53913583
951	25800084
951	24822703
951	4351435
955	47536411
955	14214562
955	28821317
955	957331
955	4316523
955	9750245
955	1133816
955	69443836
955	38278005
955	9726554
955	51411510
955	11760799
955	12714295
955	5551857
955	53783316
955	11133585
955	19908169
955	48846598
955	23766166
955	34749253
995	4699587
995	447810
995	35843159
995	2493928
995	4498383
995	5078115
995	4487837
995	7652711
995	23924014
995	45318006
995	2108090
995	37336511
995	27529871
995	445773
995	60795757
995	27275282
995	48870
995	67313346
995	69986847
995	62332
1018	51159000
1018	48439033
1018	23976719
1018	62019792
1018	25735
1018	18951490
1018	10669
1018	1949968
1018	30993286
1018	56122002
1018	1662349
1018	25402
1018	6963
1018	25304788
1018	4883511
1018	2503073
1018	2378741
1018	33992878
1018	2503078
1018	3231320
1180	61016924
1180	22759519
1180	2651035
1180	59584452
1180	506886
1180	11677875
1180	6427687
1180	61009214
1180	402356
1180	1023831
1180	3085613
1180	3189597
1180	33913807
1180	31486
1180	18225996
1180	14423
1180	34885729
1180	7758482
1180	44244059
1180	52502231
1233	17378626
1233	14790
1233	35731094
1233	62621990
1233	10014739
1233	4275981
1233	17323087
1233	39761336
1233	55582066
1233	26800561
1233	5856737
1233	9869631
1233	51692174
1233	62785637
1233	1328660
1233	9386580
1233	51692350
1233	21956202
1233	567927
1233	62774943
1328	67419609
1328	68072997
1328	82533
1328	172550
1328	64709
1328	74581
1328	53528780
1328	11431827
1328	14227252
1328	18247391
1328	4361682
1328	32225828
1328	22991838
1328	50887239
1328	427627
1328	19230
1328	8195726
1328	228753
1328	28705056
1328	18947898
1406	30247956
1406	35191038
1406	958144
1406	25972117
1406	489959
1406	1492517
1406	9306767
1406	22851296
1406	6866425
1406	1693246
1406	7467558
1406	2073367
1406	7360269
1406	34088534
1406	23841712
1406	38567164
1406	948694
1406	2768815
1406	5207691
1406	739866
1417	15928
1417	597445
1417	33757107
1417	60157886
1417	8150800
1417	2405976
1417	28970227
1417	8255569
1417	8956358
1417	9843827
1417	35441520
1417	35694432
1417	17613054
1417	743567
1417	1772690
1417	10574314
1417	29332054
1417	739680
1417	44167045
1417	25978090
1448	149373
1448	69583954
1448	5167754
1448	39214331
1448	52096378
1448	55206108
1448	22499764
1448	51481730
1448	65893542
1448	63927532
1448	9243178
1448	26714717
1448	65362667
1448	12987523
1448	4249585
1448	46450106
1448	48983277
1448	3255815
1448	19660734
1448	12583824
1479	894300
1479	5254
1479	66108446
1479	2271900
1479	215403
1479	8195726
1479	10091
1479	18949668
1479	9396843
1479	700750
1479	743972
1479	1407832
1479	18657
1479	85441
1479	1082450
1479	534412
1479	5222720
1479	1311923
1479	1175121
1479	39216602
1548	19501
1548	605431
1548	3482085
1548	30481904
1548	485429
1548	20631644
1548	3376850
1548	1713887
1548	13954016
1548	19028
1548	30044966
1548	16746
1548	11726144
1548	228344
1548	32279080
1548	10460760
1548	30482714
1548	34396002
1548	405660
1548	157498
1558	18831
1558	4973465
1558	8997784
1558	14740035
1558	58833484
1558	33543938
1558	1337579
1558	373299
1558	221484
1558	25750436
1558	1138100
1558	5381408
1558	1042164
1558	49403913
1558	159730
1558	326471
1558	567826
1558	173416
1558	39693688
1558	29039078
1647	41688336
1647	6937859
1647	458399
1647	6772438
1647	49837057
1647	44908936
1647	11887
1647	65788507
1647	43656329
1647	1711234
1647	47843428
1647	11751644
1647	9753662
1647	17068147
1647	36317220
1647	17305363
1647	6299849
1647	4274137
1647	22256730
1647	50231486
1806	21383
1806	21386
1806	21385
1806	42512141
1806	24184059
1806	22062145
1806	2194752
1806	30166811
1806	20733185
1806	11496268
1806	43938371
1806	226734
1806	21388
1806	57110182
1806	11506458
1806	4006721
1806	51415330
1806	46794441
1806	16279193
1806	3235135
1821	2737608
1821	11236984
1821	16703828
1821	57474427
1821	40698351
1821	11784881
1821	33499482
1821	6389257
1821	4761282
1821	54745132
1821	1603729
1821	505868
1821	651796
1821	51005626
1821	1438001
1821	342846
1821	148351
1821	11120263
1821	38388084
1821	46879960
1877	51292995
1877	35076265
1877	30104638
1877	8351234
1877	18375894
1877	44246285
1877	66894384
1877	35937111
1877	63724811
1877	18143785
1877	77745
1877	8351239
1877	961522
1877	22576
1877	42196
1877	34236439
1877	14244631
1877	2176142
1877	1610886
1877	48644
1884	538484
1884	18996620
1884	14201802
1884	671880
1884	22348
1884	2421192
1884	1600199
1884	6585447
1884	308831
1884	7699834
1884	277570
1884	51614042
1884	6723896
1884	47764352
1884	41943326
1884	65746997
1884	36565334
1884	618649
1884	37936942
1884	3777288
1890	408186
1890	20095109
1890	59624018
1890	44654916
1890	97325
1890	31523350
1890	18325
1890	67556518
1890	51540712
1890	14120866
1890	1113815
1890	55556900
1890	30945091
1890	219343
1890	44278718
1890	4133752
1890	25602832
1890	65678890
1890	5205277
1890	51191939
2000	22926
2000	1529557
2000	26964199
2000	82172
2000	58048237
2000	25353172
2000	56392330
2000	514075
2000	3885852
2000	60414009
2000	55351251
2000	153433
2000	412032
2000	13857148
2000	743352
2000	343430
2000	751455
2000	1548362
2000	181162
2000	28828
2028	13448416
2028	47135
2028	29163577
2028	69373138
2028	23637736
2028	38986323
2028	29920554
2028	12150947
2028	31881996
2028	995554
2028	14203005
2028	20942890
2028	68849209
2028	6180884
2028	18151212
2028	435239
2028	5268262
2028	37703760
2028	65827409
2028	1850105
2106	15490
2106	4352778
2106	2173511
2106	1679762
2106	45369
2106	815456
2106	18842395
2106	19721752
2106	45948
2106	14556895
2106	33856553
2106	13320842
2106	56870
2106	146109
2106	10325214
2106	40980889
2106	4983821
2106	1966992
2106	12360794
2106	349764
2153	9010996
2153	49780696
2153	2053697
2153	31628413
2153	27672
2153	27717240
2153	3004764
2153	243891
2153	850647
2153	23955733
2153	5562272
2153	566371
2153	48302728
2153	8662791
2153	2441004
2153	2216361
2153	11579625
2153	36391242
2153	8660189
2153	5784365
2160	42649883
2160	17692088
2160	32060877
2160	2155184
2160	5630993
2160	9986621
2160	34218923
2160	644688
2160	35926042
2160	37768851
2160	2184997
2160	9624728
2160	234339
2160	36267842
2160	47733924
2160	2993598
2160	42649354
2160	32972762
2160	45213778
2160	929012
2229	30373614
2229	49675879
2229	12309236
2229	43473082
2229	683076
2229	53874762
2229	37578255
2229	54506295
2229	18942158
2229	472726
2229	17264570
2229	18704434
2229	2048291
2229	375445
2229	54023711
2229	8888768
2229	57440492
2229	11144147
2229	60916712
2229	4135537
2244	19592358
2244	10692867
2244	41441314
2244	1043541
2244	32847407
2244	33013249
2244	2854492
2244	17284685
2244	2658411
2244	10187741
2244	23096872
2244	5864499
2244	694679
2244	4997076
2244	7848702
2244	1452701
2244	19928219
2244	22565527
2244	33046179
2244	21413757
2448	49081840
2448	19137220
2448	1306473
2448	2249731
2448	34575163
2448	1059176
2448	2982759
2448	26913631
2448	16595333
2448	42389177
2448	2140799
2448	12576473
2448	7660403
2448	8251319
2448	21003784
2448	39240759
2448	27424282
2448	7843559
2448	5880400
2448	1306462
2483	7845903
2483	43676372
2483	3351748
2483	61241986
2483	20760475
2483	13319450
2483	34963026
2483	12994459
2483	1483207
2483	13319456
2483	20900593
2483	9029751
2483	37131738
2483	32440340
2483	8869913
2483	7075890
2483	551336
2483	7433190
2483	26987737
2483	20761754
2758	33276979
2758	34410979
2758	19377453
2758	67499331
2758	6556925
2758	190452
2758	2071765
2758	2920947
2758	42180168
2758	532964
2758	16252367
2758	25031973
2758	67690364
2758	6079658
2758	20127412
2758	23087396
2758	37294330
2758	1214879
2758	15678352
2758	18152904
2867	52395694
2867	190178
2867	53665518
2867	47210395
2867	63181067
2867	33991284
2867	45482361
2867	46418619
2867	58208079
2867	14457458
2867	5990791
2867	36115675
2867	40848817
2867	391556
2867	39238641
2867	8500280
2867	27444173
2867	65657080
2867	51875354
2867	58001442
2872	34377126
2872	53391714
2872	31749230
2872	3957665
2872	41703431
2872	67777515
2872	9833634
2872	41904886
2872	59397499
2872	9438563
2872	37083592
2872	4553946
2872	57511711
2872	37123790
2872	32693591
2872	61417796
2872	47413842
2872	11502551
2872	53265500
2872	191466
