187	26589133
187	21296218
187	44331442
187	34120229
187	56296730
187	19278728
187	39681327
187	12319895
187	21296224
187	33066340
187	315927
187	44225499
187	32403779
187	69391314
187	1194886
187	9630158
187	35981916
187	2704720
187	30653780
187	3684625
270	69888919
270	43719
270	13050806
270	27496299
270	3884195
270	56653298
270	19199156
270	27426976
270	6425462
270	23378936
270	1452898
270	51211288
270	34844533
270	51030203
270	40845382
270	946574
270	6723885
270	42235426
270	18934854
270	51542555
359	23675539
359	26378017
359	72035
359	68662678
359	27665197
359	38776
359	11576068
359	59525014
359	12776876
359	1856192
359	62865340
359	5549672
359	66885059
359	602667
359	282226
359	973037
359	770037
359	5802344
359	2645513
359	7205646
365	29148292
365	3921
365	50794472
365	55395086
365	29075960
365	4269341
365	41139172
365	57382577
365	27467033
365	22359
365	40410103
365	68973239
365	28866920
365	4446807
365	41459343
365	24499534
365	65138180
365	768856
365	11501230
365	47212289
400	9760384
400	58094046
400	10275800
400	194373
400	4633395
400	2687106
400	12861352
400	58892508
400	40541089
400	54337868
400	40003529
400	52877823
400	25120942
400	5602683
400	50760497
400	4580374
400	53332661
400	55675076
400	4438249
400	65759077
404	65864417
404	42868401
404	3624090
404	51581949
404	49617018
404	41389299
404	58892508
404	40461658
404	27857931
404	4865153
404	35460624
404	25120942
404	39464471
404	5744162
404	21057042
404	23590293
404	4633395
404	60222109
404	55227571
404	23957239
480	63536836
480	67134361
480	63216082
480	63319438
480	63055098
480	66089296
480	62750956
480	64586749
480	63435931
480	63379589
480	51391
480	65797150
480	63030231
480	63365676
480	63274783
480	63341139
480	69846606
480	63215769
480	66392176
480	63878187
517	47934959
517	214801
517	68787338
517	2981063
517	481669
517	20596936
517	64412164
517	58484250
517	49655745
517	1875976
517	57634404
517	10005501
517	57442267
517	66274822
517	567284
517	5158812
517	1527095
517	36801352
517	457907
517	1533948
568	6793720
568	25775894
568	773977
568	45617327
568	30597024
568	61544855
568	4559718
568	17741875
568	218211
568	22679738
568	59949
568	49189628
568	13099345
568	1364343
568	59838522
568	1714754
568	16086178
568	2190792
568	25226723
568	35019674
596	4129579
596	242001
596	220046
596	11092324
596	4133285
596	6896
596	5180
596	13849906
596	66315
596	23635
596	4111418
596	7888444
596	9488196
596	57999718
596	30929442
596	52398274
596	3723978
596	936085
596	4963419
596	47616558
715	6564969
715	4893687
715	856
715	3089584
715	772568
715	1788
715	13178218
715	1894077
715	42118119
715	102490
715	22484758
715	59703
715	382702
715	2787546
715	23173294
715	39781562
715	436187
715	44211754
715	50674372
715	12023636
807	7714987
807	16543796
807	41703268
807	18226761
807	18013005
807	42653164
807	64332138
807	35054346
807	2886153
807	53186275
807	9006525
807	24065025
807	17844018
807	16715190
807	23126741
807	8649081
807	16217152
807	65899456
807	16943988
807	17843811
834	44269171
834	56285
834	573313
834	67111342
834	57127165
834	28805894
834	60284860
834	48611021
834	55499679
834	21325518
834	44311024
834	55751235
834	25386783
834	8840098
834	21629781
834	55191202
834	58855557
834	27139763
834	18567040
834	51909916
881	57387510
881	51582
881	2111303
881	41089704
881	42626985
881	16079566
881	25801950
881	616279
881	34570096
881	5319016
881	44429057
881	29066482
881	67141950
881	53003487
881	907259
881	31013305
881	46795563
881	20892901
881	7704646
881	15162635
883	9510
883	12821460
883	38384402
883	2924002
883	20263821
883	55461109
883	165981
883	9960008
883	50725563
883	2305470
883	15225609
883	87606
883	42702190
883	8860626
883	5625754
883	53241280
883	3728377
883	32383019
883	38785398
883	1213168
949	43167590
949	3775861
949	11185
949	5686076
949	790968
949	51522942
949	1712326
949	1070171
949	632922
949	44044949
949	37251246
949	39315095
949	21106462
949	22443992
949	43682202
949	52512463
949	48260469
949	13433057
949	49156677
949	31167437
951	6140857
951	9295770
951	26868834
951	7290107
951	57867432
951	27980681
951	44122888
951	26944509
951	10030620
951	64010968
951	132821
951	4265080
951	4351435
951	8747532
951	24822703
951	339986
951	10781
951	6853799
951	4630223
951	66154
955	14214562
955	50266077
955	69443836
955	151807
955	27002888
955	34838846
955	55834592
955	30159510
955	74968
955	40537560
955	19077633
955	59899013
955	678533
955	31995603
955	39050021
955	31487606
955	69573806
955	5551857
955	50008069
955	9215946
995	4699587
995	447810
995	35843159
995	2493928
995	4498383
995	5078115
995	4487837
995	7652711
995	23924014
995	45318006
995	2108090
995	37336511
995	27529871
995	445773
995	60795757
995	27275282
995	48870
995	67313346
995	69986847
995	62332
1018	51159000
1018	48439033
1018	23976719
1018	62019792
1018	25735
1018	18951490
1018	10669
1018	1949968
1018	30993286
1018	56122002
1018	1662349
1018	25402
1018	6963
1018	25304788
1018	4883511
1018	2503073
1018	2378741
1018	33992878
1018	2503078
1018	3231320
1180	29088675
1180	3471971
1180	18612
1180	3189597
1180	14423
1180	1524959
1180	33119354
1180	42281988
1180	448834
1180	29330052
1180	153981
1180	61016924
1180	31486
1180	61009214
1180	822249
1180	638263
1180	471436
1180	506886
1180	2651035
1180	62818092
1233	17378626
1233	14790
1233	35731094
1233	62621990
1233	10014739
1233	4275981
1233	17323087
1233	39761336
1233	55582066
1233	26800561
1233	5856737
1233	9869631
1233	51692174
1233	62785637
1233	1328660
1233	9386580
1233	51692350
1233	21956202
1233	567927
1233	62774943
1328	67419609
1328	68072997
1328	82533
1328	172550
1328	64709
1328	74581
1328	53528780
1328	11431827
1328	14227252
1328	18247391
1328	4361682
1328	32225828
1328	22991838
1328	50887239
1328	427627
1328	19230
1328	8195726
1328	228753
1328	28705056
1328	18947898
1406	30247956
1406	35191038
1406	958144
1406	25972117
1406	489959
1406	1492517
1406	9306767
1406	22851296
1406	6866425
1406	1693246
1406	7467558
1406	2073367
1406	7360269
1406	34088534
1406	23841712
1406	38567164
1406	948694
1406	2768815
1406	5207691
1406	739866
1417	35694432
1417	17613054
1417	8956358
1417	15928
1417	739680
1417	558219
1417	1772690
1417	21027224
1417	11310959
1417	33701379
1417	10574314
1417	3014330
1417	577309
1417	1266567
1417	164062
1417	930136
1417	597445
1417	25114376
1417	3215667
1417	11906186
1448	149373
1448	69583954
1448	5167754
1448	39214331
1448	52096378
1448	55206108
1448	22499764
1448	51481730
1448	65893542
1448	63927532
1448	9243178
1448	26714717
1448	65362667
1448	12987523
1448	4249585
1448	46450106
1448	48983277
1448	3255815
1448	19660734
1448	12583824
1479	80552
1479	5947514
1479	374290
1479	18342
1479	700750
1479	224842
1479	38927011
1479	39564684
1479	534412
1479	9895310
1479	50600664
1479	14689511
1479	21300477
1479	6196097
1479	63972272
1479	17437456
1479	17487382
1479	5744948
1479	9027995
1479	5255
1548	19501
1548	605431
1548	12759965
1548	3482085
1548	67568242
1548	485429
1548	48255934
1548	20631644
1548	13954016
1548	19028
1548	52658899
1548	16746
1548	52661187
1548	54175046
1548	11726144
1548	228344
1548	32279080
1548	10421353
1548	33417500
1548	3376850
1558	18831
1558	1337579
1558	5381408
1558	8997784
1558	4973465
1558	1138100
1558	35818365
1558	14740035
1558	58833484
1558	26673495
1558	33543938
1558	35557313
1558	373299
1558	63566825
1558	21653957
1558	25750436
1558	1503369
1558	3593875
1558	4320685
1558	4230329
1647	53854143
1647	6323252
1647	58824526
1647	458399
1647	8698952
1647	6937859
1647	3627404
1647	61903373
1647	6772438
1647	53960565
1647	18210026
1647	10128567
1647	58816879
1647	1586780
1647	43656329
1647	54045121
1647	18706030
1647	9768169
1647	9753662
1647	36317220
1806	24184059
1806	66272249
1806	42512141
1806	21385
1806	20733185
1806	64591380
1806	43938371
1806	11506458
1806	58855410
1806	21383
1806	51416439
1806	30166811
1806	56101016
1806	50406616
1806	16279193
1806	61281829
1806	2194752
1806	47865520
1806	19137760
1806	60896083
1821	16703828
1821	6389257
1821	46879960
1821	57474427
1821	11236984
1821	1603729
1821	33499482
1821	51005626
1821	2737608
1821	11784881
1821	54745132
1821	505868
1821	9116794
1821	39808671
1821	342846
1821	11120263
1821	63584108
1821	3514449
1821	31557696
1821	40699433
1877	34832586
1877	27566
1877	14244631
1877	34832619
1877	35937111
1877	51488846
1877	16590486
1877	42533626
1877	24719017
1877	921214
1877	29260687
1877	2176142
1877	35777538
1877	31190237
1877	921231
1877	30726039
1877	84727
1877	50002311
1877	19312759
1877	63724811
1884	23081957
1884	59659098
1884	23544281
1884	11347039
1884	8560330
1884	36565334
1884	1600199
1884	40923805
1884	275915
1884	8560371
1884	21767594
1884	65746997
1884	40930953
1884	5327436
1884	32016924
1884	3777288
1884	31218723
1884	5228842
1884	6585447
1884	7114160
1890	408186
1890	20095109
1890	59624018
1890	44654916
1890	97325
1890	31523350
1890	18325
1890	67556518
1890	51540712
1890	14120866
1890	1113815
1890	55556900
1890	30945091
1890	219343
1890	44278718
1890	4133752
1890	25602832
1890	65678890
1890	5205277
1890	51191939
2000	27428734
2000	514075
2000	412032
2000	58048237
2000	22926
2000	1201454
2000	455919
2000	13689557
2000	60414009
2000	1010427
2000	63665392
2000	153433
2000	1551274
2000	6585439
2000	214201
2000	886680
2000	29108146
2000	3885852
2000	1011345
2000	25353172
2028	13448416
2028	69373138
2028	33298284
2028	23637736
2028	995554
2028	126860
2028	147707
2028	59120831
2028	24624
2028	4359973
2028	40416291
2028	165981
2028	4770362
2028	2787256
2028	31731716
2028	50716137
2028	3345668
2028	37703760
2028	1846263
2028	40011958
2106	13320842
2106	1679762
2106	9125452
2106	51976726
2106	45948
2106	52862067
2106	12360794
2106	146109
2106	23587995
2106	516271
2106	16086005
2106	42588011
2106	16742975
2106	152310
2106	56636148
2106	14205557
2106	4324377
2106	23379522
2106	5928921
2106	44386562
2153	9010996
2153	27672
2153	27717240
2153	5562272
2153	11579625
2153	67782
2153	36344652
2153	2053697
2153	5053040
2153	8133222
2153	42968330
2153	49780696
2153	8293937
2153	243891
2153	15079070
2153	41600733
2153	47253935
2153	3004764
2153	51075590
2153	566371
2160	48951292
2160	5630993
2160	1977320
2160	6972665
2160	234339
2160	34644241
2160	331693
2160	40468223
2160	47456671
2160	42649354
2160	419631
2160	471603
2160	3795151
2160	42649883
2160	57266418
2160	49336830
2160	4875399
2160	8896599
2160	22222318
2160	6789514
2229	26847
2229	38775552
2229	38443580
2229	43473082
2229	15025710
2229	54506295
2229	13992896
2229	472726
2229	30373614
2229	21156505
2229	47246185
2229	59443250
2229	423023
2229	18048
2229	33526804
2229	49675879
2229	2242612
2229	39353017
2229	12309236
2229	328794
2244	17066371
2244	42187695
2244	7827291
2244	63099214
2244	14984940
2244	44569579
2244	32847407
2244	7848702
2244	31101250
2244	55912014
2244	43156044
2244	19592358
2244	1452701
2244	9287864
2244	35409673
2244	10692867
2244	7260275
2244	52951938
2244	49907674
2244	20590820
2448	49081840
2448	19137220
2448	1306473
2448	2249731
2448	34575163
2448	1059176
2448	2982759
2448	26913631
2448	16595333
2448	42389177
2448	2140799
2448	12576473
2448	7660403
2448	8251319
2448	21003784
2448	39240759
2448	27424282
2448	7843559
2448	5880400
2448	1306462
2483	8869913
2483	3351748
2483	47444364
2483	61241986
2483	20053096
2483	13319450
2483	7845903
2483	34963026
2483	9317513
2483	58865098
2483	17333088
2483	4723950
2483	33774811
2483	49621739
2483	13319456
2483	4073331
2483	69787909
2483	8988347
2483	37131738
2483	4752265
2758	33276979
2758	34410979
2758	19377453
2758	67499331
2758	6556925
2758	190452
2758	2071765
2758	2920947
2758	42180168
2758	532964
2758	16252367
2758	25031973
2758	67690364
2758	6079658
2758	20127412
2758	23087396
2758	37294330
2758	1214879
2758	15678352
2758	18152904
2867	66326874
2867	11049383
2867	22612452
2867	22264348
2867	53713459
2867	66326871
2867	65549254
2867	39238641
2867	1995635
2867	391556
2867	60319701
2867	27444173
2867	51587957
2867	47262468
2867	44086487
2867	63181067
2867	25443870
2867	33991284
2867	25660174
2867	4142234
2872	9833634
2872	41703431
2872	41465506
2872	4553946
2872	34377126
2872	38807053
2872	3957665
2872	53020396
2872	41904886
2872	2695055
2872	9438563
2872	67218868
2872	53391714
2872	31749230
2872	53501762
2872	10538682
2872	191466
2872	56738817
2872	45660976
2872	57511711
