187	4304957
187	10582830
187	315927
187	19278728
187	3684625
187	1201591
187	3970948
187	58998173
187	2704720
187	3581883
187	21296224
187	4393502
187	44225499
187	28496761
187	4414172
187	54044
187	9630158
187	43509183
187	25652303
187	6386814
270	6425462
270	23378936
270	42235426
270	18934854
270	69888919
270	50304989
270	27496299
270	19199156
270	3884195
270	14287446
270	55074800
270	34844533
270	27080292
270	56421195
270	56653298
270	19136808
270	36583540
270	25332399
270	36816808
270	13050806
359	23675539
359	26378017
359	51250193
359	68662678
359	27665197
359	1856192
359	11576068
359	72035
359	52349431
359	12776876
359	5549672
359	66885059
359	18321461
359	282226
359	35010305
359	13285522
359	38776
359	32289193
359	5802344
359	33895947
365	3921
365	62848482
365	65298666
365	29075960
365	1960952
365	17625262
365	848348
365	22359
365	50794472
365	6129782
365	22093
365	768856
365	27378
365	41139172
365	21592
365	69790143
365	49450841
365	22722486
365	28866920
365	48654081
400	21144027
400	1217122
400	40541089
400	58094046
400	9760384
400	194373
400	19881366
400	40003529
400	1448527
400	52877823
400	17181306
400	4466152
400	19210357
400	38390763
400	1527442
400	26995095
400	53332661
400	41856043
400	2596994
400	12861352
404	22143922
404	49107323
404	56835749
404	65864417
404	67187509
404	42985982
404	42868401
404	47339682
404	25120942
404	27857931
404	21057042
404	51581949
404	4994396
404	60222109
404	462298
404	40461658
404	6132745
404	19217475
404	59982219
404	16765005
480	65799903
480	66849722
480	64514667
480	63612268
480	63708087
480	67693224
480	63435931
480	63804580
480	63585221
480	69846606
480	63030231
480	64602072
480	63055098
480	63880659
480	63589782
480	67967179
480	63416817
480	66685966
480	69634019
480	66125058
517	47934959
517	214801
517	66274822
517	68787338
517	481669
517	58484250
517	567284
517	20596936
517	1875976
517	9161315
517	49655745
517	10005501
517	36801352
517	57442267
517	31383333
517	5158812
517	457907
517	49242921
517	576490
517	61938488
568	6793720
568	25775894
568	773977
568	45617327
568	30597024
568	61544855
568	4559718
568	17741875
568	218211
568	22679738
568	59949
568	49189628
568	13099345
568	1364343
568	59838522
568	1714754
568	16086178
568	2190792
568	25226723
568	35019674
596	1416046
596	936085
596	619320
596	4133285
596	242001
596	3954
596	5180
596	526214
596	9488196
596	29055775
596	11092324
596	610329
596	577559
596	6896
596	2275867
596	1721496
596	730473
596	4111418
596	43180070
596	13849906
715	6564969
715	1788
715	4893687
715	23173294
715	436187
715	50674372
715	12023636
715	3974738
715	41198757
715	8761347
715	1211937
715	34449201
715	40498413
715	1003438
715	713248
715	19429105
715	679904
715	4097647
715	47128429
715	29565427
807	7714987
807	18013005
807	16543796
807	29224970
807	42653164
807	67742186
807	41703268
807	53186275
807	17844018
807	2886153
807	64332138
807	34531304
807	24065025
807	9006525
807	16715190
807	16217152
807	39414596
807	8649081
807	17843811
807	65899456
834	56285
834	35110380
834	52577251
834	49492645
834	44269171
834	48611021
834	57127165
834	60284860
834	2253313
834	52124303
834	8840098
834	436022
834	67045296
834	54982911
834	28805894
834	64481325
834	67111342
834	36031245
834	55191202
834	55070376
881	57387510
881	51582
881	2111303
881	41089704
881	42626985
881	16079566
881	25801950
881	616279
881	34570096
881	5319016
881	44429057
881	29066482
881	67141950
881	53003487
881	907259
881	31013305
881	46795563
881	20892901
881	7704646
881	15162635
883	9960008
883	55461109
883	1213168
883	20263821
883	1929614
883	38384402
883	32383019
883	1197108
883	6796768
883	42595602
883	11655198
883	15225609
883	6042428
883	3596750
883	12106951
883	307214
883	2134437
883	8860626
883	195660
883	275679
949	43167590
949	3775861
949	11185
949	5686076
949	790968
949	51522942
949	1712326
949	1070171
949	632922
949	44044949
949	37251246
949	39315095
949	21106462
949	22443992
949	43682202
949	52512463
949	48260469
949	13433057
949	49156677
949	31167437
951	6140857
951	26868834
951	7290107
951	339986
951	9295770
951	27980681
951	10030620
951	29436591
951	57867432
951	26944509
951	4265080
951	37005714
951	44122888
951	132821
951	49545897
951	64010968
951	53913583
951	25800084
951	24822703
951	4351435
955	69573806
955	27002888
955	74968
955	151807
955	31995603
955	55834592
955	19077633
955	39050021
955	14214562
955	50008069
955	59899013
955	5551857
955	60292190
955	69443836
955	678533
955	40537560
955	13922616
955	57738809
955	8543798
955	48375000
995	4699587
995	23924014
995	35843159
995	67313346
995	447810
995	27529871
995	45318006
995	2493928
995	27275282
995	37336511
995	69986847
995	4498383
995	28830841
995	42070705
995	5078115
995	12604740
995	49980572
995	67320680
995	4487837
995	22033656
1018	33992878
1018	23976719
1018	48439033
1018	56122002
1018	23964910
1018	10669
1018	25304788
1018	1662349
1018	51159000
1018	17365965
1018	62019792
1018	4883511
1018	50695587
1018	22162785
1018	10830
1018	30734258
1018	143183
1018	65408886
1018	36940292
1018	14172113
1180	59584452
1180	33119354
1180	61016924
1180	60536009
1180	2664075
1180	61009214
1180	25724776
1180	445913
1180	3189597
1180	49881992
1180	14423
1180	49626494
1180	3199258
1180	10789112
1180	34885729
1180	17658703
1180	10404836
1180	506886
1180	32090575
1180	638263
1233	9386580
1233	14790
1233	5856737
1233	8082232
1233	9869631
1233	17378626
1233	4366321
1233	10014739
1233	4275981
1233	567915
1233	1313021
1233	21956202
1233	19076840
1233	35731094
1233	45466047
1233	39761336
1233	723885
1233	62513719
1233	2210161
1233	51692174
1328	33853886
1328	20879276
1328	24688923
1328	82533
1328	919326
1328	67419609
1328	31340283
1328	24707609
1328	172550
1328	11431827
1328	30226454
1328	1637809
1328	362226
1328	50141919
1328	53528780
1328	9869851
1328	22991838
1328	3690512
1328	6487734
1328	28705056
1406	48510630
1406	12161197
1406	30247956
1406	323708
1406	35191038
1406	48213049
1406	47198161
1406	44211945
1406	36238164
1406	2768815
1406	2148134
1406	53385677
1406	54047298
1406	44564789
1406	958144
1406	695588
1406	20287316
1406	57241631
1406	36460262
1406	15613
1417	35694432
1417	17613054
1417	8956358
1417	15928
1417	739680
1417	558219
1417	1772690
1417	21027224
1417	11310959
1417	33701379
1417	10574314
1417	3014330
1417	577309
1417	1266567
1417	164062
1417	930136
1417	597445
1417	25114376
1417	3215667
1417	11906186
1448	39214331
1448	65362667
1448	3255815
1448	18137585
1448	2742213
1448	2468003
1448	149373
1448	48789314
1448	46450106
1448	2052465
1448	67028500
1448	38203850
1448	55206108
1448	2218315
1448	40857917
1448	46812806
1448	16425950
1448	57588936
1448	61604913
1448	63327457
1479	7003018
1479	13804546
1479	44344161
1479	374290
1479	23829805
1479	56330869
1479	1701800
1479	30227165
1479	215403
1479	39216602
1479	5254
1479	14689511
1479	700750
1479	9895310
1479	80552
1479	45604013
1479	17437456
1479	53630607
1479	5947514
1479	85441
1548	228344
1548	19501
1548	13954016
1548	485429
1548	16746
1548	19525
1548	3376850
1548	65212
1548	3482085
1548	47184306
1548	17098
1548	19028
1548	52018352
1548	30374
1548	1289929
1548	65711325
1548	11726144
1548	3672685
1548	56004751
1548	34396002
1558	18831
1558	4973465
1558	8997784
1558	14740035
1558	58833484
1558	33543938
1558	1337579
1558	373299
1558	25750436
1558	4230329
1558	1138100
1558	5381408
1558	1042164
1558	49403913
1558	159730
1558	326471
1558	173416
1558	63566825
1558	35818365
1558	26673495
1647	53096893
1647	1460801
1647	1759402
1647	44147035
1647	32898380
1647	194264
1647	53854143
1647	53084433
1647	18210026
1647	41688336
1647	8698952
1647	52804695
1647	458399
1647	6323252
1647	6937859
1647	36317220
1647	20029110
1647	4467378
1647	10128567
1647	3627404
1806	42512141
1806	63121628
1806	2194752
1806	18065879
1806	20733185
1806	55709551
1806	34324551
1806	43938371
1806	39609252
1806	11506458
1806	51416439
1806	15993813
1806	31088410
1806	26657666
1806	17151448
1806	66272249
1806	22066355
1806	37939668
1806	64591380
1806	21385
1821	2737608
1821	11236984
1821	16703828
1821	57474427
1821	40698351
1821	11784881
1821	33499482
1821	6389257
1821	4761282
1821	54745132
1821	1603729
1821	505868
1821	651796
1821	51005626
1821	1438001
1821	342846
1821	148351
1821	11120263
1821	38388084
1821	46879960
1877	12259250
1877	31200350
1877	31816205
1877	11625778
1877	34236439
1877	34832619
1877	51488846
1877	31816241
1877	50002311
1877	42531240
1877	31223110
1877	29929853
1877	25077151
1877	34236482
1877	35299440
1877	31566075
1877	921214
1877	35672968
1877	59157339
1877	31190237
1884	5327436
1884	17497528
1884	416605
1884	4676892
1884	5467747
1884	32052228
1884	417279
1884	1600199
1884	275937
1884	2702986
1884	5396061
1884	1532647
1884	1000718
1884	743715
1884	11471780
1884	275915
1884	54135162
1884	379213
1884	726176
1884	6459483
1890	14120866
1890	39353050
1890	541048
1890	408186
1890	4133752
1890	14987
1890	65990000
1890	1125669
1890	2757229
1890	69036214
1890	294500
1890	51540712
1890	5165163
1890	20095109
1890	37896895
1890	22937795
1890	58958484
1890	66186126
1890	69306075
1890	22068
2000	27428734
2000	514075
2000	412032
2000	58048237
2000	22926
2000	1201454
2000	455919
2000	13689557
2000	60414009
2000	1010427
2000	63665392
2000	153433
2000	1551274
2000	6585439
2000	214201
2000	886680
2000	29108146
2000	3885852
2000	1011345
2000	25353172
2028	995554
2028	13448416
2028	40416291
2028	69373138
2028	6180884
2028	23637736
2028	24624
2028	11063590
2028	42554343
2028	4439963
2028	31731716
2028	59120831
2028	1564758
2028	50716137
2028	29163577
2028	4359973
2028	18000185
2028	995557
2028	37703760
2028	53239892
2106	1679762
2106	516271
2106	5928921
2106	16086005
2106	16742975
2106	465264
2106	152315
2106	1001375
2106	2855447
2106	718315
2106	146109
2106	758617
2106	333978
2106	3247716
2106	540383
2106	479653
2106	763934
2106	4913705
2106	543446
2106	529498
2153	27672
2153	9010996
2153	49780696
2153	62082135
2153	850647
2153	27717240
2153	5562272
2153	11579625
2153	41600733
2153	68631599
2153	8662791
2153	15079070
2153	42968330
2153	8660189
2153	23097533
2153	57945709
2153	8293937
2153	15198144
2153	47253935
2153	8570363
2160	8896599
2160	6972665
2160	48951292
2160	17692088
2160	5630993
2160	57266418
2160	22222318
2160	234339
2160	34644241
2160	17593881
2160	1977320
2160	32060877
2160	1385966
2160	47456671
2160	30292166
2160	471603
2160	9986621
2160	69742243
2160	42649354
2160	40468223
2229	30373614
2229	49675879
2229	12309236
2229	43473082
2229	683076
2229	53874762
2229	37578255
2229	54506295
2229	18942158
2229	472726
2229	17264570
2229	18704434
2229	2048291
2229	375445
2229	54023711
2229	8888768
2229	57440492
2229	11144147
2229	60916712
2229	4135537
2244	42187695
2244	14984940
2244	17066371
2244	43156044
2244	31101250
2244	32847407
2244	7827291
2244	35409673
2244	9287864
2244	52951938
2244	44569579
2244	63099214
2244	1452701
2244	40242261
2244	55912014
2244	54581112
2244	49907674
2244	41441314
2244	20590820
2244	19592358
2448	20913771
2448	48376125
2448	10179334
2448	47380758
2448	32421053
2448	42389177
2448	7665661
2448	3417042
2448	34983006
2448	2249731
2448	358153
2448	1306462
2448	1306473
2448	35472027
2448	17837535
2448	49081840
2448	6823594
2448	40128079
2448	34575163
2448	19137220
2483	3351748
2483	4073331
2483	8988347
2483	10397273
2483	7056522
2483	978504
2483	21405138
2483	963515
2483	4800977
2483	4727723
2483	26256228
2483	546017
2483	13904266
2483	3075523
2483	65311177
2483	321606
2483	39827689
2483	7482609
2483	9889179
2483	9993503
2758	33734529
2758	6556925
2758	2071765
2758	49652468
2758	43989344
2758	752
2758	20127412
2758	36305899
2758	199145
2758	18985263
2758	19010531
2758	2787344
2758	39292117
2758	2140563
2758	46234172
2758	33276979
2758	36303864
2758	21830760
2758	228936
2758	32104149
2867	22612452
2867	39238641
2867	66326874
2867	391556
2867	27444173
2867	48518858
2867	66326871
2867	4142234
2867	47262468
2867	45637145
2867	63181067
2867	33991284
2867	3248504
2867	36115675
2867	56075578
2867	9811991
2867	5990791
2867	52008924
2867	59840206
2867	9758192
2872	41703431
2872	53391714
2872	265901
2872	37123790
2872	3957665
2872	191466
2872	667977
2872	9833634
2872	26491558
2872	43915275
2872	63037922
2872	24349431
2872	34377126
2872	43331095
2872	38085355
2872	31868114
2872	35669307
2872	4553946
2872	41904886
2872	32444237
