187	21296218
187	3684625
187	315927
187	2704720
187	19278728
187	9630158
187	39681327
187	26589133
187	4393502
187	56296730
187	1201591
187	61622
187	34120229
187	58998173
187	21296224
187	2336903
187	6386814
187	62332908
187	12319895
187	4304957
270	43719
270	69888919
270	27496299
270	56653298
270	6425462
270	23378936
270	51030203
270	40845382
270	42235426
270	18934854
270	23802396
270	47750625
270	23657622
270	23632328
270	13056502
270	23710350
270	32972750
270	2221521
270	33751816
270	28016410
359	23675539
359	26378017
359	27665197
359	47137639
359	11576068
359	1856192
359	72035
359	68662678
359	47319284
359	5549672
359	56102434
359	282226
359	38776
359	12776876
359	5802344
359	66885059
359	50335074
359	2645513
359	51250193
359	967743
365	3921
365	62848482
365	65298666
365	29075960
365	1960952
365	17625262
365	848348
365	22359
365	50794472
365	6129782
365	22093
365	768856
365	27378
365	41139172
365	21592
365	69790143
365	49450841
365	22722486
365	28866920
365	48654081
400	11838142
400	23717349
400	45555053
400	60455101
400	9760384
400	1217122
400	62927182
400	1448527
400	1666392
400	55283601
400	650407
400	52819689
400	4466152
400	83045
400	58094046
400	42859003
400	19210357
400	24661041
400	68056110
400	1350983
404	56835749
404	47339682
404	22143922
404	4994396
404	60222109
404	27857931
404	17109645
404	11415129
404	40862712
404	19217475
404	60095143
404	39464471
404	41389299
404	69410169
404	31933541
404	24253680
404	50788627
404	6132745
404	15697885
404	19096093
480	27413422
480	65799903
480	42062980
480	11633515
480	51391
480	63708087
480	32513754
480	63435931
480	20296505
480	63030231
480	41368323
480	10374056
480	6376844
480	63055098
480	23380570
480	67967179
480	48558916
480	33350896
480	66849722
480	2500548
517	47934959
517	214801
517	68787338
517	2981063
517	481669
517	20596936
517	64412164
517	58484250
517	49655745
517	1875976
517	57634404
517	10005501
517	57442267
517	66274822
517	567284
517	5158812
517	1527095
517	36801352
517	457907
517	1533948
568	45617327
568	6793720
568	773977
568	4559718
568	218211
568	49189628
568	25775894
568	62965015
568	59949
568	1364343
568	1714754
568	61544855
568	30597024
568	17741875
568	2190792
568	59838522
568	22679738
568	13099345
568	3102972
568	61144671
596	1416046
596	936085
596	619320
596	4133285
596	242001
596	3954
596	5180
596	526214
596	9488196
596	29055775
596	11092324
596	610329
596	577559
596	6896
596	2275867
596	1721496
596	730473
596	4111418
596	43180070
596	13849906
715	24259303
715	6564969
715	42118119
715	59361951
715	13178218
715	4893687
715	44211754
715	22484758
715	856
715	23173294
715	50674372
715	3089584
715	55696891
715	12023636
715	772568
715	41198757
715	10578039
715	1788
715	8761347
715	34449201
807	18013005
807	16543796
807	42653164
807	41703268
807	34531304
807	53186275
807	1855373
807	17844018
807	1842388
807	2886153
807	64332138
807	9006525
807	16715190
807	256713
807	2206456
807	16217152
807	66460242
807	20760475
807	17843811
807	65899456
834	44269171
834	56285
834	573313
834	67111342
834	57127165
834	28805894
834	60284860
834	48611021
834	55499679
834	21325518
834	44311024
834	55751235
834	25386783
834	8840098
834	21629781
834	55191202
834	58855557
834	27139763
834	18567040
834	51909916
881	25801950
881	41089704
881	51582
881	57387510
881	16079566
881	34570096
881	616279
881	27318080
881	67141950
881	46795563
881	5241465
881	31675960
881	12421217
881	46795463
881	60323417
881	614836
881	15162635
881	44429057
881	1360939
881	21366049
883	12821460
883	9510
883	20263821
883	2924002
883	165981
883	181431
883	38384402
883	9960008
883	15225609
883	8860626
883	61553293
883	2305470
883	50725563
883	87606
883	5625754
883	3728377
883	29715451
883	55461109
883	1213168
883	275679
949	11185
949	1712326
949	44044949
949	22443992
949	13433057
949	58864450
949	33530557
949	49982033
949	28629308
949	45084659
949	43167590
949	1022287
949	58888268
949	504356
949	30306989
949	41338940
949	51522942
949	1940754
949	11587
949	52148295
951	9295770
951	6140857
951	44122888
951	57867432
951	26868834
951	7290107
951	27980681
951	43086561
951	26944509
951	64010968
951	132821
951	37005714
951	10030620
951	8747532
951	4265080
951	46914262
951	69613994
951	24822703
951	4351435
951	21825084
955	61800413
955	69121006
955	56717294
955	62595930
955	1769468
955	42521351
955	2825163
955	52651705
955	36985798
955	151807
955	57133348
955	59899013
955	25392992
955	2819577
955	59394452
955	49260550
955	51220272
955	57711958
955	44652285
955	68780299
995	4699587
995	23924014
995	35843159
995	67313346
995	447810
995	27529871
995	45318006
995	2493928
995	27275282
995	37336511
995	69986847
995	4498383
995	28830841
995	42070705
995	5078115
995	12604740
995	49980572
995	67320680
995	4487837
995	22033656
1018	1138884
1018	957951
1018	18951490
1018	23976719
1018	10669
1018	51623488
1018	10568
1018	52351174
1018	143183
1018	30746961
1018	23964910
1018	48439033
1018	23956953
1018	2186657
1018	25735
1018	902077
1018	17365965
1018	46765516
1018	442145
1018	16734422
1180	59584452
1180	61016924
1180	61009214
1180	3189597
1180	14423
1180	3199258
1180	17658703
1180	33119354
1180	3114677
1180	506886
1180	445913
1180	17974170
1180	49881992
1180	17661972
1180	29088675
1180	402356
1180	33913807
1180	34885729
1180	4769493
1180	55896555
1233	9386580
1233	14790
1233	5856737
1233	8082232
1233	9869631
1233	17378626
1233	4366321
1233	10014739
1233	4275981
1233	567915
1233	1313021
1233	21956202
1233	19076840
1233	35731094
1233	45466047
1233	39761336
1233	723885
1233	62513719
1233	2210161
1233	51692174
1328	82533
1328	67419609
1328	172550
1328	15043
1328	20993536
1328	362226
1328	25009206
1328	53528780
1328	1275053
1328	3375213
1328	8219149
1328	24657403
1328	31533498
1328	33853886
1328	14853237
1328	24688923
1328	60393413
1328	624166
1328	1637809
1328	28266720
1406	48510630
1406	15613
1406	1693246
1406	12161197
1406	30247956
1406	35191038
1406	54652123
1406	48213049
1406	47198161
1406	40580108
1406	59868567
1406	44211945
1406	2768815
1406	28362575
1406	54047298
1406	63830497
1406	44564789
1406	958144
1406	20287316
1406	25972117
1417	15928
1417	597445
1417	33757107
1417	60157886
1417	8150800
1417	2405976
1417	28970227
1417	8255569
1417	8956358
1417	9843827
1417	35441520
1417	35694432
1417	17613054
1417	743567
1417	1772690
1417	10574314
1417	29332054
1417	739680
1417	44167045
1417	25978090
1448	149373
1448	52096378
1448	5167754
1448	39214331
1448	69583954
1448	65893542
1448	9243178
1448	55206108
1448	12987523
1448	48983277
1448	39749128
1448	22499764
1448	19660734
1448	13831434
1448	51481730
1448	2468003
1448	61146442
1448	55366546
1448	26714717
1448	24240636
1479	7003018
1479	374290
1479	1701800
1479	13804546
1479	32424569
1479	215403
1479	700750
1479	80552
1479	30227165
1479	55290879
1479	18342
1479	64443006
1479	44344161
1479	5203960
1479	18949668
1479	1175121
1479	534412
1479	12823121
1479	1407832
1479	5057326
1548	19501
1548	20631644
1548	65711325
1548	34396002
1548	605431
1548	13954016
1548	3482085
1548	58942115
1548	11726144
1548	42777906
1548	485429
1548	32279080
1548	70124754
1548	3376850
1548	47184306
1548	10460760
1548	19028
1548	53383113
1548	16746
1548	31880362
1558	18831
1558	14220
1558	19636
1558	26673495
1558	173416
1558	326471
1558	373299
1558	279293
1558	1042164
1558	567826
1558	8997784
1558	1524543
1558	33543938
1558	1503369
1558	457210
1558	214737
1558	25750436
1558	730473
1558	696794
1558	159730
1647	61037951
1647	17046267
1647	3923951
1647	63938023
1647	458399
1647	52955902
1647	1759402
1647	5215751
1647	9306991
1647	65897976
1647	1399702
1647	194264
1647	38149833
1647	595565
1647	52646797
1647	42888334
1647	41688336
1647	355632
1647	4274137
1647	62844619
1806	21383
1806	34543545
1806	8399106
1806	12311661
1806	21388
1806	85232
1806	1006061
1806	23769768
1806	21382
1806	2227627
1806	2292852
1806	6179952
1806	626168
1806	21392
1806	11734374
1806	21385
1806	21386
1806	46601856
1806	3385208
1806	2194752
1821	57474427
1821	16703828
1821	11236984
1821	6389257
1821	505868
1821	54745132
1821	342846
1821	2737608
1821	46879960
1821	2890417
1821	51005626
1821	9116794
1821	4516020
1821	3514449
1821	651796
1821	39808671
1821	18456436
1821	40699433
1821	45453422
1821	31557696
1877	34832586
1877	27566
1877	35937111
1877	34832619
1877	24719017
1877	51488846
1877	921214
1877	31190237
1877	36662659
1877	2176142
1877	921231
1877	19312759
1877	35780180
1877	33455043
1877	16590486
1877	35780188
1877	31019218
1877	84727
1877	31056889
1877	63724811
1884	23081957
1884	59659098
1884	23544281
1884	11347039
1884	8560330
1884	36565334
1884	1600199
1884	40923805
1884	275915
1884	8560371
1884	21767594
1884	65746997
1884	40930953
1884	5327436
1884	32016924
1884	3777288
1884	31218723
1884	5228842
1884	6585447
1884	7114160
1890	408186
1890	97325
1890	18325
1890	44654916
1890	1113815
1890	4133752
1890	59624018
1890	2757229
1890	1055483
1890	14120866
1890	30945091
1890	1504343
1890	21509389
1890	51540712
1890	67556518
1890	1088597
1890	44278718
1890	24073766
1890	435576
1890	33995174
2000	27428734
2000	514075
2000	412032
2000	58048237
2000	22926
2000	1201454
2000	455919
2000	13689557
2000	60414009
2000	1010427
2000	63665392
2000	153433
2000	1551274
2000	6585439
2000	214201
2000	886680
2000	29108146
2000	3885852
2000	1011345
2000	25353172
2028	13448416
2028	69373138
2028	23637736
2028	995554
2028	59120831
2028	6180884
2028	2127621
2028	24624
2028	4439963
2028	1564758
2028	4359973
2028	40114888
2028	40416291
2028	995557
2028	548696
2028	4770362
2028	42554343
2028	2787256
2028	50716137
2028	37703760
2106	1679762
2106	45948
2106	152310
2106	51976726
2106	13320842
2106	9125452
2106	12360794
2106	146109
2106	152311
2106	52862067
2106	516271
2106	1509622
2106	4324377
2106	907989
2106	5928921
2106	56636148
2106	254060
2106	23587995
2106	61735151
2106	180968
2153	850647
2153	5562272
2153	8662791
2153	8660189
2153	27717240
2153	8570363
2153	8566367
2153	11579625
2153	8133222
2153	8566951
2153	1806946
2153	215015
2153	8569635
2153	8569913
2153	605660
2153	5053040
2153	8570569
2153	1322799
2153	3004764
2153	566371
2160	48951292
2160	5630993
2160	1977320
2160	6972665
2160	234339
2160	34644241
2160	331693
2160	40468223
2160	47456671
2160	42649354
2160	419631
2160	471603
2160	3795151
2160	42649883
2160	57266418
2160	49336830
2160	4875399
2160	8896599
2160	22222318
2160	6789514
2229	26847
2229	15025710
2229	30373614
2229	43473082
2229	59443250
2229	423023
2229	13992896
2229	38443580
2229	12309236
2229	683076
2229	49675879
2229	38775552
2229	33526804
2229	53874762
2229	472726
2229	328794
2229	18704434
2229	4135537
2229	37578255
2229	38860786
2244	42187695
2244	14984940
2244	17066371
2244	43156044
2244	31101250
2244	32847407
2244	7827291
2244	35409673
2244	9287864
2244	52951938
2244	44569579
2244	63099214
2244	1452701
2244	40242261
2244	55912014
2244	54581112
2244	49907674
2244	41441314
2244	20590820
2244	19592358
2448	34575163
2448	1371113
2448	101398
2448	2140799
2448	40128079
2448	75984
2448	52672748
2448	85248
2448	31386708
2448	12576473
2448	37682448
2448	3394453
2448	19137220
2448	42389177
2448	2404029
2448	31698143
2448	32421053
2448	40112203
2448	16614200
2448	41421574
2483	3351748
2483	7845903
2483	8869913
2483	47444364
2483	4723950
2483	61241986
2483	20053096
2483	13319450
2483	6484240
2483	34963026
2483	4073331
2483	58865098
2483	9317513
2483	17333088
2483	4752265
2483	18770147
2483	33774811
2483	13319456
2483	8988347
2483	3784959
2758	20127412
2758	33734529
2758	36305899
2758	67499331
2758	19010531
2758	6556925
2758	46234172
2758	33276979
2758	2071765
2758	60770015
2758	21830760
2758	752
2758	36303864
2758	32104149
2758	57503665
2758	199145
2758	34410979
2758	19797750
2758	18985263
2758	55487546
2867	66326874
2867	11049383
2867	22612452
2867	22264348
2867	53713459
2867	66326871
2867	65549254
2867	39238641
2867	1995635
2867	391556
2867	60319701
2867	27444173
2867	51587957
2867	47262468
2867	44086487
2867	63181067
2867	25443870
2867	33991284
2867	25660174
2867	4142234
2872	34377126
2872	41703431
2872	3957665
2872	41904886
2872	4553946
2872	31749230
2872	191466
2872	3957390
2872	37083592
2872	32693591
2872	37123790
2872	11502551
2872	265901
2872	47413842
2872	45660976
2872	2727091
2872	53391714
2872	31769841
2872	12675616
2872	67777515
