187	26589133
187	21296218
187	44331442
187	34120229
187	56296730
187	19278728
187	39681327
187	12319895
187	21296224
187	33066340
187	315927
187	44225499
187	32403779
187	69391314
187	1194886
187	9630158
187	35981916
187	2704720
187	30653780
187	3684625
270	27496299
270	51030203
270	43719
270	69888919
270	23378936
270	40845382
270	6425462
270	18934854
270	56653298
270	42235426
270	2221521
270	23802396
270	47750625
270	1452898
270	23657622
270	54793859
270	2181526
270	50304989
270	23632328
270	57390631
359	27665197
359	68662678
359	12776876
359	5802344
359	26378017
359	2645513
359	32289193
359	6599247
359	35010305
359	72035
359	1330241
359	842859
359	282226
359	770037
359	27100757
359	8879273
359	1855492
359	634924
359	34967853
359	4749875
365	50794472
365	4269341
365	29075960
365	848348
365	4446807
365	41459343
365	41139172
365	28866920
365	24499534
365	11501230
365	12713983
365	5760249
365	42752580
365	19067219
365	51692185
365	20269926
365	23380704
365	5183398
365	10248979
365	22092
400	21144027
400	9760384
400	56397706
400	1217122
400	69450950
400	58094046
400	19881366
400	21549727
400	194373
400	26995095
400	1448527
400	12861352
400	63274551
400	40541089
400	17622782
400	4466152
400	1527442
400	10456354
400	2596994
400	40003529
404	56835749
404	47339682
404	22143922
404	4994396
404	60222109
404	27857931
404	17109645
404	11415129
404	40862712
404	19217475
404	60095143
404	39464471
404	41389299
404	69410169
404	31933541
404	24253680
404	50788627
404	6132745
404	15697885
404	19096093
480	66849722
480	63880659
480	68296474
480	67967182
480	63528961
480	65799903
480	67030365
480	63589782
480	66125058
480	63366215
480	63435931
480	63365006
480	63387388
480	63405840
480	65508613
480	63449958
480	66188669
480	69846606
480	63391492
480	66945124
517	214801
517	57636050
517	49655745
517	57631795
517	1875976
517	57634330
517	3216124
517	10005501
517	39397783
517	17928575
517	30885339
517	33310448
517	47934959
517	10005670
517	20760475
517	433417
517	36110979
517	46352192
517	14769490
517	3048828
568	45617327
568	6793720
568	773977
568	4559718
568	218211
568	49189628
568	25775894
568	62965015
568	59949
568	1364343
568	1714754
568	61544855
568	30597024
568	17741875
568	2190792
568	59838522
568	22679738
568	13099345
568	3102972
568	61144671
596	4129579
596	4133285
596	5180
596	220046
596	11092324
596	242001
596	4581532
596	30708641
596	6896
596	13849906
596	29055775
596	66315
596	36781827
596	52398274
596	65622
596	42252089
596	733929
596	7888444
596	936085
596	5111982
715	6564969
715	1788
715	4893687
715	23173294
715	436187
715	50674372
715	12023636
715	3974738
715	41198757
715	8761347
715	1211937
715	34449201
715	40498413
715	1003438
715	713248
715	19429105
715	679904
715	4097647
715	47128429
715	29565427
807	42653164
807	64332138
807	2987511
807	28650532
807	875585
807	9006525
807	35054346
807	52745312
807	16943988
807	24998598
807	3597551
807	19908602
807	45698342
807	9899205
807	854316
807	2280213
807	2619840
807	6157170
807	18152985
807	25062692
834	44269171
834	573313
834	36945138
834	58855557
834	56285
834	513992
834	3121463
834	18567040
834	67111342
834	52124303
834	3193785
834	57127165
834	2474722
834	51909916
834	28805894
834	1188531
834	50240841
834	60284860
834	2533526
834	2764306
881	57387510
881	51582
881	2111303
881	41089704
881	42626985
881	16079566
881	25801950
881	616279
881	34570096
881	5319016
881	44429057
881	29066482
881	67141950
881	53003487
881	907259
881	31013305
881	46795563
881	20892901
881	7704646
881	15162635
883	9960008
883	55461109
883	1213168
883	20263821
883	1929614
883	38384402
883	32383019
883	1197108
883	6796768
883	42595602
883	11655198
883	15225609
883	6042428
883	3596750
883	12106951
883	307214
883	2134437
883	8860626
883	195660
883	275679
949	58864450
949	33530557
949	43167590
949	1712326
949	44044949
949	504356
949	65473053
949	46200358
949	46799742
949	22443992
949	13433057
949	51463428
949	46345824
949	1070171
949	6475070
949	28629308
949	1940754
949	40853640
949	7427293
949	43682202
951	6140857
951	56132614
951	7290107
951	51300297
951	35797683
951	31887351
951	44122888
951	61244719
951	26944509
951	19146069
951	40008338
951	64010968
951	33258593
951	2327994
951	13996322
951	132821
951	53480159
951	10030620
951	34443875
951	27600510
955	69573806
955	27002888
955	74968
955	151807
955	31995603
955	55834592
955	19077633
955	39050021
955	14214562
955	50008069
955	59899013
955	5551857
955	60292190
955	69443836
955	678533
955	40537560
955	13922616
955	57738809
955	8543798
955	48375000
995	4699587
995	23924014
995	35843159
995	67313346
995	447810
995	27529871
995	45318006
995	2493928
995	27275282
995	37336511
995	69986847
995	4498383
995	28830841
995	42070705
995	5078115
995	12604740
995	49980572
995	67320680
995	4487837
995	22033656
1018	48439033
1018	23976719
1018	28723551
1018	10669
1018	1662349
1018	16734422
1018	4883511
1018	31874121
1018	993015
1018	33992878
1018	10830
1018	32228242
1018	143183
1018	51159000
1018	923910
1018	18951490
1018	56122002
1018	36313007
1018	7220860
1018	61950923
1180	29088675
1180	3471971
1180	18612
1180	3189597
1180	14423
1180	1524959
1180	33119354
1180	42281988
1180	448834
1180	29330052
1180	153981
1180	61016924
1180	31486
1180	61009214
1180	822249
1180	638263
1180	471436
1180	506886
1180	2651035
1180	62818092
1233	14790
1233	4275981
1233	17378626
1233	5856737
1233	2225201
1233	35731094
1233	39761336
1233	12935070
1233	51692350
1233	14155555
1233	53371247
1233	10014739
1233	35809702
1233	1328660
1233	35883281
1233	30810868
1233	17323087
1233	62621990
1233	8849364
1233	23156904
1328	33853886
1328	82533
1328	50141919
1328	67419609
1328	11431827
1328	172550
1328	22991838
1328	35305141
1328	362226
1328	28705056
1328	53528780
1328	20879276
1328	3375213
1328	37291851
1328	24657403
1328	4361682
1328	31340283
1328	67528275
1328	43517668
1328	8219149
1406	30247956
1406	35191038
1406	958144
1406	25972117
1406	489959
1406	1492517
1406	9306767
1406	22851296
1406	6866425
1406	1693246
1406	7467558
1406	2073367
1406	7360269
1406	34088534
1406	23841712
1406	38567164
1406	948694
1406	2768815
1406	5207691
1406	739866
1417	15928
1417	33701379
1417	597445
1417	60157886
1417	8150800
1417	8956358
1417	35441520
1417	35694432
1417	33974127
1417	17613054
1417	68485299
1417	1772690
1417	56641724
1417	10574314
1417	739680
1417	21027224
1417	33744416
1417	56771183
1417	3685355
1417	1266567
1448	149373
1448	5167754
1448	29392547
1448	39214331
1448	49834169
1448	52096378
1448	43129610
1448	39281919
1448	55206108
1448	2400264
1448	22499764
1448	26714717
1448	65893542
1448	793911
1448	9243178
1448	9123783
1448	65362667
1448	50231486
1448	48983277
1448	26653646
1479	894300
1479	5254
1479	66108446
1479	2271900
1479	215403
1479	8195726
1479	10091
1479	18949668
1479	9396843
1479	700750
1479	743972
1479	1407832
1479	18657
1479	85441
1479	1082450
1479	534412
1479	5222720
1479	1311923
1479	1175121
1479	39216602
1548	13954016
1548	20631644
1548	19501
1548	485429
1548	2507430
1548	3376850
1548	605431
1548	10460760
1548	30861578
1548	16746
1548	34396002
1548	3482085
1548	56004751
1548	32279080
1548	19028
1548	30987379
1548	29438604
1548	157498
1548	30655224
1548	11726144
1558	18831
1558	4973465
1558	8997784
1558	14740035
1558	58833484
1558	33543938
1558	1337579
1558	373299
1558	221484
1558	25750436
1558	1138100
1558	5381408
1558	1042164
1558	49403913
1558	159730
1558	326471
1558	567826
1558	173416
1558	39693688
1558	29039078
1647	41688336
1647	6937859
1647	458399
1647	6772438
1647	49837057
1647	44908936
1647	11887
1647	65788507
1647	43656329
1647	1711234
1647	47843428
1647	11751644
1647	9753662
1647	17068147
1647	36317220
1647	17305363
1647	6299849
1647	4274137
1647	22256730
1647	50231486
1806	21383
1806	21386
1806	21385
1806	42512141
1806	24184059
1806	22062145
1806	2194752
1806	30166811
1806	20733185
1806	11496268
1806	43938371
1806	226734
1806	21388
1806	57110182
1806	11506458
1806	4006721
1806	51415330
1806	46794441
1806	16279193
1806	3235135
1821	16703828
1821	6389257
1821	46879960
1821	57474427
1821	11236984
1821	1603729
1821	33499482
1821	51005626
1821	2737608
1821	11784881
1821	54745132
1821	505868
1821	9116794
1821	39808671
1821	342846
1821	11120263
1821	63584108
1821	3514449
1821	31557696
1821	40699433
1877	34832586
1877	27566
1877	35937111
1877	34832619
1877	24719017
1877	51488846
1877	921214
1877	31190237
1877	36662659
1877	2176142
1877	921231
1877	19312759
1877	35780180
1877	33455043
1877	16590486
1877	35780188
1877	31019218
1877	84727
1877	31056889
1877	63724811
1884	36565334
1884	65746997
1884	5327436
1884	7093997
1884	5228842
1884	6585447
1884	51614042
1884	67112139
1884	37936942
1884	11347039
1884	22348
1884	5707225
1884	3994720
1884	39980113
1884	7114160
1884	14705923
1884	18996620
1884	43144490
1884	11760254
1884	17497528
1890	97325
1890	1504343
1890	21509389
1890	1088597
1890	18325
1890	24073766
1890	1298157
1890	219343
1890	885845
1890	350699
1890	9599897
1890	56649920
1890	1392118
1890	435576
1890	65629090
1890	17116710
1890	10406906
1890	65990000
1890	31172966
1890	4186217
2000	22926
2000	27428734
2000	36691004
2000	60414009
2000	514075
2000	29108146
2000	412032
2000	13689557
2000	51115391
2000	6585439
2000	26964199
2000	58048237
2000	455919
2000	29074075
2000	153433
2000	41938920
2000	14785803
2000	63665392
2000	25353172
2000	17475870
2028	13448416
2028	47135
2028	29163577
2028	69373138
2028	23637736
2028	38986323
2028	29920554
2028	12150947
2028	31881996
2028	995554
2028	14203005
2028	20942890
2028	68849209
2028	6180884
2028	18151212
2028	435239
2028	5268262
2028	37703760
2028	65827409
2028	1850105
2106	1679762
2106	51976726
2106	15490
2106	62594
2106	3654204
2106	14556895
2106	180968
2106	9125452
2106	2173511
2106	58530000
2106	1949149
2106	2802521
2106	182595
2106	21209639
2106	12952446
2106	146109
2106	25753965
2106	1977574
2106	45369
2106	16953269
2153	67782
2153	27672
2153	42968330
2153	58662616
2153	27717240
2153	3607388
2153	11579625
2153	5515578
2153	9010996
2153	35861147
2153	32619343
2153	850647
2153	2216361
2153	46853846
2153	8662791
2153	182975
2153	232182
2153	951957
2153	41420292
2153	18403421
2160	5630993
2160	25009206
2160	29919439
2160	56250426
2160	48951292
2160	6366065
2160	12140216
2160	42649354
2160	2167732
2160	13881039
2160	37768851
2160	42649883
2160	6972665
2160	23090779
2160	1977320
2160	25441172
2160	40468223
2160	8896599
2160	28261561
2160	9482998
2229	26847
2229	15025710
2229	13992896
2229	54023711
2229	30373614
2229	11144147
2229	59443250
2229	871904
2229	237667
2229	423023
2229	43473082
2229	1063759
2229	220964
2229	25674999
2229	38443580
2229	60916712
2229	49675879
2229	47344356
2229	12309236
2229	66235760
2244	42187695
2244	14984940
2244	17066371
2244	43156044
2244	31101250
2244	32847407
2244	7827291
2244	35409673
2244	9287864
2244	52951938
2244	44569579
2244	63099214
2244	1452701
2244	40242261
2244	55912014
2244	54581112
2244	49907674
2244	41441314
2244	20590820
2244	19592358
2448	19137220
2448	2249731
2448	49081840
2448	26913631
2448	57973057
2448	2140799
2448	27424282
2448	34575163
2448	21789419
2448	1306473
2448	12576473
2448	42389177
2448	67761230
2448	8251319
2448	16614200
2448	16595333
2448	5880400
2448	39240759
2448	32421053
2448	6958722
2483	62723109
2483	16890382
2483	20500642
2483	7615675
2483	523475
2483	61241986
2483	3351748
2483	67360208
2483	17945845
2483	69787909
2483	4723950
2483	321606
2483	16093357
2483	1291072
2483	4073331
2483	50043102
2483	39576371
2483	58865098
2483	37131738
2483	39982847
2758	33276979
2758	34410979
2758	19377453
2758	67499331
2758	6556925
2758	190452
2758	2071765
2758	2920947
2758	42180168
2758	532964
2758	16252367
2758	25031973
2758	67690364
2758	6079658
2758	20127412
2758	23087396
2758	37294330
2758	1214879
2758	15678352
2758	18152904
2867	52395694
2867	190178
2867	53665518
2867	47210395
2867	63181067
2867	33991284
2867	45482361
2867	46418619
2867	58208079
2867	14457458
2867	5990791
2867	36115675
2867	40848817
2867	391556
2867	39238641
2867	8500280
2867	27444173
2867	65657080
2867	51875354
2867	58001442
2872	41703431
2872	3957665
2872	41904886
2872	4553946
2872	34377126
2872	51379803
2872	34246949
2872	31749230
2872	37083592
2872	32693591
2872	11502551
2872	35484075
2872	265901
2872	47413842
2872	2616336
2872	7633197
2872	45660976
2872	53371247
2872	3957390
2872	2727091
