187	26589133
187	21296218
187	44331442
187	34120229
187	56296730
187	19278728
187	39681327
187	12319895
187	21296224
187	33066340
187	315927
187	44225499
187	32403779
187	69391314
187	1194886
187	9630158
187	35981916
187	2704720
187	30653780
187	3684625
270	27496299
270	51030203
270	43719
270	69888919
270	23378936
270	40845382
270	6425462
270	18934854
270	56653298
270	42235426
270	2221521
270	23802396
270	47750625
270	1452898
270	23657622
270	54793859
270	2181526
270	50304989
270	23632328
270	57390631
359	26378017
359	5789049
359	1856192
359	4458752
359	48704155
359	17178915
359	72035
359	68662678
359	4282831
359	5549672
359	4288541
359	282226
359	28723551
359	16022651
359	44439485
359	66885059
359	29297108
359	35716765
359	51250193
359	11054164
365	50794472
365	4269341
365	29075960
365	848348
365	4446807
365	41459343
365	41139172
365	28866920
365	24499534
365	11501230
365	12713983
365	5760249
365	42752580
365	19067219
365	51692185
365	20269926
365	23380704
365	5183398
365	10248979
365	22092
400	21144027
400	9760384
400	56397706
400	1217122
400	69450950
400	58094046
400	19881366
400	21549727
400	194373
400	26995095
400	1448527
400	12861352
400	63274551
400	40541089
400	17622782
400	4466152
400	1527442
400	10456354
400	2596994
400	40003529
404	56835749
404	47339682
404	22143922
404	4994396
404	60222109
404	27857931
404	17109645
404	11415129
404	40862712
404	19217475
404	60095143
404	39464471
404	41389299
404	69410169
404	31933541
404	24253680
404	50788627
404	6132745
404	15697885
404	19096093
480	66849722
480	63880659
480	68296474
480	67967182
480	63528961
480	65799903
480	67030365
480	63589782
480	66125058
480	63366215
480	63435931
480	63365006
480	63387388
480	63405840
480	65508613
480	63449958
480	66188669
480	69846606
480	63391492
480	66945124
517	20596936
517	214801
517	47934959
517	68787338
517	10005501
517	481669
517	9161315
517	49655745
517	1875976
517	58484250
517	61938488
517	567284
517	17928575
517	36801352
517	5158812
517	57442267
517	29546764
517	457907
517	49242921
517	10360985
568	6793720
568	25775894
568	773977
568	45617327
568	30597024
568	61544855
568	4559718
568	17741875
568	218211
568	22679738
568	59949
568	49189628
568	13099345
568	1364343
568	59838522
568	1714754
568	16086178
568	2190792
568	25226723
568	35019674
596	4129579
596	4133285
596	5180
596	220046
596	11092324
596	242001
596	4581532
596	30708641
596	6896
596	13849906
596	29055775
596	66315
596	36781827
596	52398274
596	65622
596	42252089
596	733929
596	7888444
596	936085
596	5111982
715	24259303
715	6564969
715	42118119
715	59361951
715	13178218
715	4893687
715	44211754
715	22484758
715	856
715	23173294
715	50674372
715	3089584
715	55696891
715	12023636
715	772568
715	41198757
715	10578039
715	1788
715	8761347
715	34449201
807	42653164
807	64332138
807	2987511
807	28650532
807	875585
807	9006525
807	35054346
807	52745312
807	16943988
807	24998598
807	3597551
807	19908602
807	45698342
807	9899205
807	854316
807	2280213
807	2619840
807	6157170
807	18152985
807	25062692
834	56285
834	28805894
834	44269171
834	67111342
834	573313
834	21325518
834	48611021
834	18567040
834	25386783
834	57127165
834	513992
834	51909916
834	8840098
834	581401
834	21629781
834	36945138
834	60284860
834	436022
834	27139763
834	52124303
881	57387510
881	51582
881	2111303
881	41089704
881	42626985
881	16079566
881	25801950
881	616279
881	34570096
881	5319016
881	44429057
881	29066482
881	67141950
881	53003487
881	907259
881	31013305
881	46795563
881	20892901
881	7704646
881	15162635
883	9960008
883	55461109
883	1213168
883	20263821
883	1929614
883	38384402
883	32383019
883	1197108
883	6796768
883	42595602
883	11655198
883	15225609
883	6042428
883	3596750
883	12106951
883	307214
883	2134437
883	8860626
883	195660
883	275679
949	58864450
949	33530557
949	43167590
949	1712326
949	44044949
949	504356
949	65473053
949	46200358
949	46799742
949	22443992
949	13433057
949	51463428
949	46345824
949	1070171
949	6475070
949	28629308
949	1940754
949	40853640
949	7427293
949	43682202
951	6140857
951	56132614
951	7290107
951	51300297
951	35797683
951	31887351
951	44122888
951	61244719
951	26944509
951	19146069
951	40008338
951	64010968
951	33258593
951	2327994
951	13996322
951	132821
951	53480159
951	10030620
951	34443875
951	27600510
955	151807
955	14214562
955	74968
955	69443836
955	27002888
955	55834592
955	30159510
955	50266077
955	59899013
955	678533
955	19077633
955	466768
955	5551857
955	69573806
955	57738809
955	34838846
955	62595930
955	31995603
955	31487606
955	8611948
995	4699587
995	23924014
995	35843159
995	67313346
995	447810
995	27529871
995	45318006
995	2493928
995	27275282
995	37336511
995	69986847
995	4498383
995	28830841
995	42070705
995	5078115
995	12604740
995	49980572
995	67320680
995	4487837
995	22033656
1018	48439033
1018	23976719
1018	28723551
1018	10669
1018	1662349
1018	16734422
1018	4883511
1018	31874121
1018	993015
1018	33992878
1018	10830
1018	32228242
1018	143183
1018	51159000
1018	923910
1018	18951490
1018	56122002
1018	36313007
1018	7220860
1018	61950923
1180	29088675
1180	3471971
1180	18612
1180	3189597
1180	14423
1180	1524959
1180	33119354
1180	42281988
1180	448834
1180	29330052
1180	153981
1180	61016924
1180	31486
1180	61009214
1180	822249
1180	638263
1180	471436
1180	506886
1180	2651035
1180	62818092
1233	14790
1233	4275981
1233	17378626
1233	5856737
1233	2225201
1233	35731094
1233	39761336
1233	12935070
1233	51692350
1233	14155555
1233	53371247
1233	10014739
1233	35809702
1233	1328660
1233	35883281
1233	30810868
1233	17323087
1233	62621990
1233	8849364
1233	23156904
1328	33853886
1328	11431827
1328	22991838
1328	53528780
1328	1275053
1328	2944700
1328	24657403
1328	919326
1328	24688923
1328	26322591
1328	3549920
1328	188480
1328	7422799
1328	14227252
1328	24808757
1328	42597767
1328	3690512
1328	46399007
1328	17089096
1328	7491824
1406	48510630
1406	15613
1406	1693246
1406	12161197
1406	30247956
1406	35191038
1406	54652123
1406	48213049
1406	47198161
1406	40580108
1406	59868567
1406	44211945
1406	2768815
1406	28362575
1406	54047298
1406	63830497
1406	44564789
1406	958144
1406	20287316
1406	25972117
1417	15928
1417	597445
1417	33757107
1417	60157886
1417	8150800
1417	2405976
1417	28970227
1417	8255569
1417	8956358
1417	9843827
1417	35441520
1417	35694432
1417	17613054
1417	743567
1417	1772690
1417	10574314
1417	29332054
1417	739680
1417	44167045
1417	25978090
1448	149373
1448	5167754
1448	29392547
1448	39214331
1448	49834169
1448	52096378
1448	43129610
1448	39281919
1448	55206108
1448	2400264
1448	22499764
1448	26714717
1448	65893542
1448	793911
1448	9243178
1448	9123783
1448	65362667
1448	50231486
1448	48983277
1448	26653646
1479	374290
1479	215403
1479	85441
1479	7003018
1479	1701800
1479	5254
1479	13804546
1479	14689511
1479	5947514
1479	700750
1479	77444
1479	80552
1479	8195726
1479	23829805
1479	45604013
1479	1407832
1479	30227165
1479	52632976
1479	21351321
1479	18342
1548	13954016
1548	20631644
1548	19501
1548	485429
1548	2507430
1548	3376850
1548	605431
1548	10460760
1548	30861578
1548	16746
1548	34396002
1548	3482085
1548	56004751
1548	32279080
1548	19028
1548	30987379
1548	29438604
1548	157498
1548	30655224
1548	11726144
1558	8997784
1558	4230329
1558	4973465
1558	33543938
1558	35557313
1558	31052235
1558	277380
1558	25750436
1558	1138100
1558	27606747
1558	4131576
1558	12192866
1558	5381408
1558	9468205
1558	1042164
1558	10636131
1558	256363
1558	26673495
1558	641270
1558	1570072
1647	41688336
1647	6937859
1647	458399
1647	6772438
1647	49837057
1647	44908936
1647	11887
1647	65788507
1647	43656329
1647	1711234
1647	47843428
1647	11751644
1647	9753662
1647	17068147
1647	36317220
1647	17305363
1647	6299849
1647	4274137
1647	22256730
1647	50231486
1806	21383
1806	21386
1806	21385
1806	42512141
1806	24184059
1806	22062145
1806	2194752
1806	30166811
1806	20733185
1806	11496268
1806	43938371
1806	226734
1806	21388
1806	57110182
1806	11506458
1806	4006721
1806	51415330
1806	46794441
1806	16279193
1806	3235135
1821	57474427
1821	180270
1821	6389257
1821	47736220
1821	320699
1821	4933361
1821	223071
1821	54745132
1821	12125255
1821	2737608
1821	58971803
1821	46879960
1821	50592282
1821	28926816
1821	83117
1821	56297118
1821	2890417
1821	14597934
1821	23428336
1821	60292633
1877	34832586
1877	27566
1877	35937111
1877	34832619
1877	24719017
1877	51488846
1877	921214
1877	31190237
1877	36662659
1877	2176142
1877	921231
1877	19312759
1877	35780180
1877	33455043
1877	16590486
1877	35780188
1877	31019218
1877	84727
1877	31056889
1877	63724811
1884	36565334
1884	65746997
1884	5327436
1884	7093997
1884	5228842
1884	6585447
1884	51614042
1884	67112139
1884	37936942
1884	11347039
1884	22348
1884	5707225
1884	3994720
1884	39980113
1884	7114160
1884	14705923
1884	18996620
1884	43144490
1884	11760254
1884	17497528
1890	14120866
1890	39353050
1890	541048
1890	408186
1890	4133752
1890	14987
1890	65990000
1890	1125669
1890	2757229
1890	69036214
1890	294500
1890	51540712
1890	5165163
1890	20095109
1890	37896895
1890	22937795
1890	58958484
1890	66186126
1890	69306075
1890	22068
2000	22926
2000	27428734
2000	36691004
2000	60414009
2000	514075
2000	29108146
2000	412032
2000	13689557
2000	51115391
2000	6585439
2000	26964199
2000	58048237
2000	455919
2000	29074075
2000	153433
2000	41938920
2000	14785803
2000	63665392
2000	25353172
2000	17475870
2028	13448416
2028	69373138
2028	23637736
2028	995554
2028	59120831
2028	6180884
2028	2127621
2028	24624
2028	4439963
2028	1564758
2028	4359973
2028	40114888
2028	40416291
2028	995557
2028	548696
2028	4770362
2028	42554343
2028	2787256
2028	50716137
2028	37703760
2106	1679762
2106	516271
2106	5928921
2106	16086005
2106	16742975
2106	465264
2106	152315
2106	1001375
2106	2855447
2106	718315
2106	146109
2106	758617
2106	333978
2106	3247716
2106	540383
2106	479653
2106	763934
2106	4913705
2106	543446
2106	529498
2153	67782
2153	27672
2153	42968330
2153	58662616
2153	27717240
2153	3607388
2153	11579625
2153	5515578
2153	9010996
2153	35861147
2153	32619343
2153	850647
2153	2216361
2153	46853846
2153	8662791
2153	182975
2153	232182
2153	951957
2153	41420292
2153	18403421
2160	41018063
2160	471603
2160	18998741
2160	40048386
2160	467367
2160	234954
2160	23913718
2160	1452366
2160	17593881
2160	25058
2160	674507
2160	5630993
2160	465584
2160	41359234
2160	43355
2160	28022
2160	40468223
2160	610624
2160	24959347
2160	3980824
2229	26847
2229	38775552
2229	38443580
2229	43473082
2229	15025710
2229	54506295
2229	13992896
2229	472726
2229	30373614
2229	21156505
2229	47246185
2229	59443250
2229	423023
2229	18048
2229	33526804
2229	49675879
2229	2242612
2229	39353017
2229	12309236
2229	328794
2244	17066371
2244	42187695
2244	7827291
2244	63099214
2244	14984940
2244	44569579
2244	32847407
2244	7848702
2244	31101250
2244	55912014
2244	43156044
2244	19592358
2244	1452701
2244	9287864
2244	35409673
2244	10692867
2244	7260275
2244	52951938
2244	49907674
2244	20590820
2448	19137220
2448	2249731
2448	49081840
2448	26913631
2448	57973057
2448	2140799
2448	27424282
2448	34575163
2448	21789419
2448	1306473
2448	12576473
2448	42389177
2448	67761230
2448	8251319
2448	16614200
2448	16595333
2448	5880400
2448	39240759
2448	32421053
2448	6958722
2483	62723109
2483	16890382
2483	20500642
2483	7615675
2483	523475
2483	61241986
2483	3351748
2483	67360208
2483	17945845
2483	69787909
2483	4723950
2483	321606
2483	16093357
2483	1291072
2483	4073331
2483	50043102
2483	39576371
2483	58865098
2483	37131738
2483	39982847
2758	20127412
2758	33734529
2758	36305899
2758	67499331
2758	19010531
2758	6556925
2758	46234172
2758	33276979
2758	2071765
2758	60770015
2758	21830760
2758	752
2758	36303864
2758	32104149
2758	57503665
2758	199145
2758	34410979
2758	19797750
2758	18985263
2758	55487546
2867	52395694
2867	190178
2867	53665518
2867	47210395
2867	63181067
2867	33991284
2867	45482361
2867	46418619
2867	58208079
2867	14457458
2867	5990791
2867	36115675
2867	40848817
2867	391556
2867	39238641
2867	8500280
2867	27444173
2867	65657080
2867	51875354
2867	58001442
2872	41703431
2872	53391714
2872	265901
2872	37123790
2872	3957665
2872	191466
2872	667977
2872	9833634
2872	26491558
2872	43915275
2872	63037922
2872	24349431
2872	34377126
2872	43331095
2872	38085355
2872	31868114
2872	35669307
2872	4553946
2872	41904886
2872	32444237
