187	39681327
187	44225499
187	1724617
187	12319895
187	32403779
187	1194886
187	3424781
187	14547147
187	10582830
187	3699685
187	31815960
187	4393502
187	2336903
187	932532
187	20475183
187	5583008
187	48932198
187	35981916
187	45487379
187	6386814
270	6425462
270	23378936
270	42235426
270	18934854
270	69888919
270	50304989
270	27496299
270	19199156
270	3884195
270	14287446
270	55074800
270	34844533
270	27080292
270	56421195
270	56653298
270	19136808
270	36583540
270	25332399
270	36816808
270	13050806
359	26378017
359	5789049
359	1856192
359	4458752
359	48704155
359	17178915
359	72035
359	68662678
359	4282831
359	5549672
359	4288541
359	282226
359	28723551
359	16022651
359	44439485
359	66885059
359	29297108
359	35716765
359	51250193
359	11054164
365	50794472
365	4269341
365	29075960
365	848348
365	4446807
365	41459343
365	41139172
365	28866920
365	24499534
365	11501230
365	12713983
365	5760249
365	42752580
365	19067219
365	51692185
365	20269926
365	23380704
365	5183398
365	10248979
365	22092
400	9760384
400	58094046
400	10275800
400	194373
400	4633395
400	2687106
400	12861352
400	58892508
400	40541089
400	54337868
400	40003529
400	52877823
400	25120942
400	5602683
400	50760497
400	4580374
400	53332661
400	55675076
400	4438249
400	65759077
404	56835749
404	47339682
404	22143922
404	4994396
404	60222109
404	27857931
404	17109645
404	11415129
404	40862712
404	19217475
404	60095143
404	39464471
404	41389299
404	69410169
404	31933541
404	24253680
404	50788627
404	6132745
404	15697885
404	19096093
480	66849722
480	63880659
480	68296474
480	67967182
480	63528961
480	65799903
480	67030365
480	63589782
480	66125058
480	63366215
480	63435931
480	63365006
480	63387388
480	63405840
480	65508613
480	63449958
480	66188669
480	69846606
480	63391492
480	66945124
517	57442267
517	66274822
517	36801352
517	49242921
517	39476776
517	68787338
517	26711820
517	2418729
517	42885779
517	44174200
517	1875976
517	462118
517	463388
517	482418
517	2291120
517	33097517
517	168486
517	576490
517	2778709
517	47501545
568	773977
568	49189628
568	59838522
568	6793720
568	3102972
568	22679738
568	3223411
568	4588717
568	32062510
568	1161559
568	16836322
568	7425846
568	842232
568	23747728
568	615233
568	5931351
568	35610028
568	36443197
568	63159914
568	20108376
596	4129579
596	220046
596	4133285
596	30929442
596	11092324
596	4309504
596	24568072
596	57783194
596	6896
596	13922892
596	66315
596	3723978
596	29055775
596	6899104
596	65622
596	3100521
596	41264758
596	733929
596	4392265
596	4963419
715	6564969
715	1788
715	4893687
715	23173294
715	436187
715	50674372
715	12023636
715	3974738
715	41198757
715	8761347
715	1211937
715	34449201
715	40498413
715	1003438
715	713248
715	19429105
715	679904
715	4097647
715	47128429
715	29565427
807	42653164
807	64332138
807	2987511
807	28650532
807	875585
807	9006525
807	35054346
807	52745312
807	16943988
807	24998598
807	3597551
807	19908602
807	45698342
807	9899205
807	854316
807	2280213
807	2619840
807	6157170
807	18152985
807	25062692
834	44269171
834	28805894
834	60284860
834	55751235
834	8840098
834	25386783
834	27139763
834	51909916
834	36945138
834	513992
834	52124303
834	581401
834	3585500
834	2533526
834	46365983
834	1451167
834	2474722
834	49492645
834	22750982
834	227321
881	25801950
881	41089704
881	51582
881	57387510
881	16079566
881	34570096
881	616279
881	27318080
881	67141950
881	46795563
881	5241465
881	31675960
881	12421217
881	46795463
881	60323417
881	614836
881	15162635
881	44429057
881	1360939
881	21366049
883	9960008
883	55461109
883	1213168
883	20263821
883	1929614
883	38384402
883	32383019
883	1197108
883	6796768
883	42595602
883	11655198
883	15225609
883	6042428
883	3596750
883	12106951
883	307214
883	2134437
883	8860626
883	195660
883	275679
949	58864450
949	33530557
949	43167590
949	1712326
949	44044949
949	504356
949	65473053
949	46200358
949	46799742
949	22443992
949	13433057
949	51463428
949	46345824
949	1070171
949	6475070
949	28629308
949	1940754
949	40853640
949	7427293
949	43682202
951	6140857
951	7290107
951	132821
951	2457622
951	28923219
951	9710254
951	2396086
951	6139032
951	26944509
951	8930387
951	27329378
951	5343636
951	2423557
951	48074331
951	16396275
951	11450984
951	35797683
951	1523780
951	3461974
951	20398146
955	74968
955	27002888
955	50266077
955	151807
955	62595930
955	19077633
955	50008069
955	8543798
955	29470561
955	6041305
955	3878392
955	9687413
955	8611948
955	9215946
955	5035585
955	16116147
955	3459253
955	5706143
955	74928
955	285923
995	5078115
995	4487837
995	45318006
995	324108
995	4487760
995	447810
995	49980572
995	38409485
995	5340299
995	2493928
995	42939942
995	245392
995	397498
995	49373685
995	4477142
995	31097880
995	7652711
995	4486490
995	3082693
995	4481862
1018	56122002
1018	23964910
1018	62019792
1018	1662349
1018	1167930
1018	50695587
1018	36940292
1018	17365965
1018	22162785
1018	3231320
1018	8526625
1018	3517612
1018	8023536
1018	30993286
1018	2476925
1018	13544786
1018	957951
1018	51623488
1018	2503078
1018	39924837
1180	61009214
1180	17658703
1180	33119354
1180	17661972
1180	4769493
1180	29088675
1180	42281988
1180	67654548
1180	17824146
1180	18225996
1180	33913807
1180	45541620
1180	3159469
1180	17662723
1180	17662648
1180	17662960
1180	51728181
1180	34885729
1180	28980088
1180	17662107
1233	4275981
1233	17323087
1233	26800561
1233	9869631
1233	35731094
1233	2225201
1233	39761336
1233	5086190
1233	39914459
1233	21956202
1233	3034442
1233	36709834
1233	43128127
1233	40558039
1233	51692174
1233	2924597
1233	23156904
1233	3485881
1233	60762881
1233	51692350
1328	33853886
1328	11431827
1328	22991838
1328	53528780
1328	1275053
1328	2944700
1328	24657403
1328	919326
1328	24688923
1328	26322591
1328	3549920
1328	188480
1328	7422799
1328	14227252
1328	24808757
1328	42597767
1328	3690512
1328	46399007
1328	17089096
1328	7491824
1406	48510630
1406	15613
1406	1693246
1406	12161197
1406	30247956
1406	35191038
1406	54652123
1406	48213049
1406	47198161
1406	40580108
1406	59868567
1406	44211945
1406	2768815
1406	28362575
1406	54047298
1406	63830497
1406	44564789
1406	958144
1406	20287316
1406	25972117
1417	597445
1417	8956358
1417	35441520
1417	17613054
1417	1266567
1417	11906186
1417	49750215
1417	3014330
1417	53814691
1417	32091196
1417	3177392
1417	577309
1417	34062674
1417	33597830
1417	30713555
1417	4936131
1417	57296316
1417	10720030
1417	3055532
1417	63336720
1448	39214331
1448	65362667
1448	3255815
1448	18137585
1448	2742213
1448	2468003
1448	149373
1448	48789314
1448	46450106
1448	2052465
1448	67028500
1448	38203850
1448	55206108
1448	2218315
1448	40857917
1448	46812806
1448	16425950
1448	57588936
1448	61604913
1448	63327457
1479	7003018
1479	374290
1479	1701800
1479	13804546
1479	215403
1479	5254
1479	700750
1479	80552
1479	23829805
1479	30227165
1479	5947514
1479	85441
1479	18342
1479	44344161
1479	18949668
1479	30767114
1479	1175121
1479	534412
1479	1407832
1479	5057326
1548	34396002
1548	42777906
1548	605431
1548	30987379
1548	20631644
1548	3530966
1548	340332
1548	32279080
1548	15356703
1548	53383113
1548	1365014
1548	10460760
1548	29438604
1548	8010079
1548	10483627
1548	3406454
1548	56105548
1548	65711325
1548	25889294
1548	47184306
1558	8997784
1558	4230329
1558	4973465
1558	33543938
1558	35557313
1558	31052235
1558	277380
1558	25750436
1558	1138100
1558	27606747
1558	4131576
1558	12192866
1558	5381408
1558	9468205
1558	1042164
1558	10636131
1558	256363
1558	26673495
1558	641270
1558	1570072
1647	1759402
1647	1460801
1647	8698952
1647	6772438
1647	8269176
1647	6937859
1647	18706030
1647	4467378
1647	60681385
1647	58746714
1647	27964683
1647	20029110
1647	9543226
1647	56348803
1647	33375331
1647	52829941
1647	12584334
1647	3627404
1647	18591791
1647	38416963
1806	42512141
1806	11506458
1806	16279193
1806	24184059
1806	3235135
1806	22062145
1806	20733185
1806	37066164
1806	46794441
1806	8399106
1806	57618624
1806	30166811
1806	61675726
1806	59968472
1806	57110182
1806	51415330
1806	23190776
1806	8000834
1806	17099208
1806	6219865
1821	237148
1821	1101767
1821	444645
1821	21443
1821	2059674
1821	57474427
1821	33499482
1821	57583271
1821	12513388
1821	982171
1821	26954
1821	28075138
1821	16703828
1821	7118043
1821	69206910
1821	11236984
1821	62305198
1821	51005626
1821	22055
1821	54745132
1877	12259250
1877	31200350
1877	31816205
1877	11625778
1877	34236439
1877	34832619
1877	51488846
1877	31816241
1877	50002311
1877	42531240
1877	31223110
1877	29929853
1877	25077151
1877	34236482
1877	35299440
1877	31566075
1877	921214
1877	35672968
1877	59157339
1877	31190237
1884	5327436
1884	17497528
1884	416605
1884	4676892
1884	5467747
1884	32052228
1884	417279
1884	1600199
1884	275937
1884	2702986
1884	5396061
1884	1532647
1884	1000718
1884	743715
1884	11471780
1884	275915
1884	54135162
1884	379213
1884	726176
1884	6459483
1890	97325
1890	1504343
1890	21509389
1890	1088597
1890	18325
1890	24073766
1890	1298157
1890	219343
1890	885845
1890	350699
1890	9599897
1890	56649920
1890	1392118
1890	435576
1890	65629090
1890	17116710
1890	10406906
1890	65990000
1890	31172966
1890	4186217
2000	27428734
2000	514075
2000	412032
2000	58048237
2000	22926
2000	1201454
2000	455919
2000	13689557
2000	60414009
2000	1010427
2000	63665392
2000	153433
2000	1551274
2000	6585439
2000	214201
2000	886680
2000	29108146
2000	3885852
2000	1011345
2000	25353172
2028	13448416
2028	47135
2028	29163577
2028	69373138
2028	23637736
2028	38986323
2028	29920554
2028	12150947
2028	31881996
2028	995554
2028	14203005
2028	20942890
2028	68849209
2028	6180884
2028	18151212
2028	435239
2028	5268262
2028	37703760
2028	65827409
2028	1850105
2106	1679762
2106	516271
2106	5928921
2106	16086005
2106	16742975
2106	465264
2106	152315
2106	1001375
2106	2855447
2106	718315
2106	146109
2106	758617
2106	333978
2106	3247716
2106	540383
2106	479653
2106	763934
2106	4913705
2106	543446
2106	529498
2153	9010996
2153	49780696
2153	2053697
2153	31628413
2153	27672
2153	27717240
2153	3004764
2153	243891
2153	850647
2153	23955733
2153	5562272
2153	566371
2153	48302728
2153	8662791
2153	2441004
2153	2216361
2153	11579625
2153	36391242
2153	8660189
2153	5784365
2160	42649883
2160	17692088
2160	32060877
2160	2155184
2160	5630993
2160	9986621
2160	34218923
2160	644688
2160	35926042
2160	37768851
2160	2184997
2160	9624728
2160	234339
2160	36267842
2160	47733924
2160	2993598
2160	42649354
2160	32972762
2160	45213778
2160	929012
2229	30373614
2229	49675879
2229	12309236
2229	43473082
2229	683076
2229	53874762
2229	37578255
2229	54506295
2229	18942158
2229	472726
2229	17264570
2229	18704434
2229	2048291
2229	375445
2229	54023711
2229	8888768
2229	57440492
2229	11144147
2229	60916712
2229	4135537
2244	17066371
2244	14984940
2244	32847407
2244	42187695
2244	44569579
2244	31101250
2244	7827291
2244	1043541
2244	63099214
2244	43156044
2244	55912014
2244	49907674
2244	43155453
2244	19592358
2244	52951938
2244	9287864
2244	40242261
2244	43155848
2244	7848702
2244	41095562
2448	2249731
2448	5880400
2448	6958722
2448	2982759
2448	7665661
2448	39240759
2448	7660403
2448	1306473
2448	51188913
2448	2915403
2448	4197115
2448	9497332
2448	5747640
2448	713146
2448	5036702
2448	1168199
2448	7992967
2448	10161917
2448	5751360
2448	531434
2483	62723109
2483	16890382
2483	20500642
2483	7615675
2483	523475
2483	61241986
2483	3351748
2483	67360208
2483	17945845
2483	69787909
2483	4723950
2483	321606
2483	16093357
2483	1291072
2483	4073331
2483	50043102
2483	39576371
2483	58865098
2483	37131738
2483	39982847
2758	33276979
2758	34410979
2758	19377453
2758	67499331
2758	6556925
2758	190452
2758	2071765
2758	2920947
2758	42180168
2758	532964
2758	16252367
2758	25031973
2758	67690364
2758	6079658
2758	20127412
2758	23087396
2758	37294330
2758	1214879
2758	15678352
2758	18152904
2867	66326874
2867	66326871
2867	1995635
2867	52008924
2867	41674382
2867	29145699
2867	9758192
2867	25443870
2867	45236173
2867	16971584
2867	65657080
2867	190178
2867	56989528
2867	794854
2867	3248504
2867	53665518
2867	58364179
2867	1524381
2867	2004317
2867	50316736
2872	41904886
2872	3957390
2872	9833634
2872	32693591
2872	37123790
2872	12675616
2872	57511711
2872	34377126
2872	29208685
2872	50855518
2872	57474574
2872	43331095
2872	24349431
2872	41703431
2872	57936499
2872	35911312
2872	33142196
2872	36334822
2872	15428689
2872	34236639
