187	21296218
187	19278728
187	26589133
187	56296730
187	34120229
187	21296224
187	315927
187	12319895
187	61497503
187	33066340
187	1194886
187	44331442
187	39681327
187	44225499
187	2704720
187	3684625
187	45638234
187	1724617
187	4393502
187	35981916
270	6425462
270	23378936
270	42235426
270	18934854
270	69888919
270	50304989
270	27496299
270	19199156
270	3884195
270	14287446
270	55074800
270	34844533
270	27080292
270	56421195
270	56653298
270	19136808
270	36583540
270	25332399
270	36816808
270	13050806
359	974709
359	72035
359	3850
359	60786926
359	38776
359	26378017
359	1856192
359	29297108
359	602667
359	54067944
359	23675539
359	282226
359	51250193
359	58285150
359	602676
359	17203884
359	68662678
359	9211169
359	12776876
359	17178915
365	29148292
365	29075960
365	16048692
365	22359
365	28723551
365	4446807
365	14823618
365	41139172
365	8466904
365	55395086
365	768856
365	8364644
365	6129782
365	34282627
365	28866920
365	11247
365	40410103
365	57220111
365	2221463
365	32712127
400	11838142
400	23717349
400	45555053
400	60455101
400	9760384
400	1217122
400	62927182
400	1448527
400	1666392
400	55283601
400	650407
400	52819689
400	4466152
400	83045
400	58094046
400	42859003
400	19210357
400	24661041
400	68056110
400	1350983
404	56835749
404	47339682
404	22143922
404	4994396
404	60222109
404	27857931
404	17109645
404	11415129
404	40862712
404	19217475
404	60095143
404	39464471
404	41389299
404	69410169
404	31933541
404	24253680
404	50788627
404	6132745
404	15697885
404	19096093
480	63536836
480	67134361
480	63216082
480	63319438
480	63055098
480	66089296
480	62750956
480	64586749
480	63435931
480	63379589
480	51391
480	65797150
480	63030231
480	63365676
480	63274783
480	63341139
480	69846606
480	63215769
480	66392176
480	63878187
517	214801
517	57636050
517	49655745
517	57631795
517	1875976
517	57634330
517	3216124
517	10005501
517	39397783
517	17928575
517	30885339
517	33310448
517	47934959
517	10005670
517	20760475
517	433417
517	36110979
517	46352192
517	14769490
517	3048828
568	45617327
568	773977
568	4559718
568	33636807
568	218211
568	698821
568	49189628
568	25775894
568	1714754
568	59949
568	1364343
568	13023421
568	61544855
568	30597024
568	23747728
568	2190792
568	59838522
568	16083
568	22679738
568	1554121
596	4129579
596	220046
596	4133285
596	30929442
596	11092324
596	4309504
596	24568072
596	57783194
596	6896
596	13922892
596	66315
596	3723978
596	29055775
596	6899104
596	65622
596	3100521
596	41264758
596	733929
596	4392265
596	4963419
715	6564969
715	1788
715	4893687
715	23173294
715	436187
715	50674372
715	12023636
715	3974738
715	41198757
715	8761347
715	1211937
715	34449201
715	40498413
715	1003438
715	713248
715	19429105
715	679904
715	4097647
715	47128429
715	29565427
807	44921851
807	277945
807	45698342
807	17843811
807	6157170
807	52518480
807	42653164
807	61853770
807	59924880
807	64539219
807	64332138
807	15669381
807	24065025
807	43434343
807	7714987
807	63087225
807	38704865
807	47320511
807	24998598
807	18013005
834	44269171
834	56285
834	573313
834	67111342
834	57127165
834	28805894
834	60284860
834	48611021
834	55499679
834	21325518
834	44311024
834	55751235
834	25386783
834	8840098
834	21629781
834	55191202
834	58855557
834	27139763
834	18567040
834	51909916
881	57387510
881	51582
881	616279
881	5241465
881	614836
881	41089704
881	25801950
881	34570096
881	16079566
881	1360939
881	5319016
881	29066482
881	120778
881	67141950
881	907259
881	27318080
881	46795563
881	60323417
881	346987
881	7704646
883	12821460
883	9510
883	20263821
883	2924002
883	165981
883	181431
883	38384402
883	9960008
883	15225609
883	8860626
883	61553293
883	2305470
883	50725563
883	87606
883	5625754
883	3728377
883	29715451
883	55461109
883	1213168
883	275679
949	8685505
949	11185
949	41338940
949	21992780
949	52148295
949	40853640
949	65473053
949	1712326
949	51463428
949	54967685
949	44044949
949	45084659
949	22443992
949	46200358
949	875547
949	13433057
949	65821969
949	43167590
949	58064588
949	3880802
951	6140857
951	7290107
951	132821
951	2457622
951	28923219
951	9710254
951	2396086
951	6139032
951	26944509
951	8930387
951	27329378
951	5343636
951	2423557
951	48074331
951	16396275
951	11450984
951	35797683
951	1523780
951	3461974
951	20398146
955	69573806
955	27002888
955	74968
955	151807
955	31995603
955	55834592
955	19077633
955	39050021
955	14214562
955	50008069
955	59899013
955	5551857
955	60292190
955	69443836
955	678533
955	40537560
955	13922616
955	57738809
955	8543798
955	48375000
995	35843159
995	447810
995	4699587
995	2493928
995	4498383
995	23924014
995	5078115
995	45318006
995	4487837
995	27275282
995	7652711
995	27529871
995	2108090
995	48870
995	445773
995	37336511
995	67320680
995	62332
995	67313346
995	1838808
1018	33992878
1018	23976719
1018	48439033
1018	56122002
1018	23964910
1018	10669
1018	25304788
1018	1662349
1018	51159000
1018	17365965
1018	62019792
1018	4883511
1018	50695587
1018	22162785
1018	10830
1018	30734258
1018	143183
1018	65408886
1018	36940292
1018	14172113
1180	29088675
1180	3471971
1180	18612
1180	3189597
1180	14423
1180	1524959
1180	33119354
1180	42281988
1180	448834
1180	29330052
1180	153981
1180	61016924
1180	31486
1180	61009214
1180	822249
1180	638263
1180	471436
1180	506886
1180	2651035
1180	62818092
1233	9386580
1233	14790
1233	5856737
1233	8082232
1233	9869631
1233	17378626
1233	4366321
1233	10014739
1233	4275981
1233	567915
1233	1313021
1233	21956202
1233	19076840
1233	35731094
1233	45466047
1233	39761336
1233	723885
1233	62513719
1233	2210161
1233	51692174
1328	33853886
1328	20879276
1328	24688923
1328	82533
1328	919326
1328	67419609
1328	31340283
1328	24707609
1328	172550
1328	11431827
1328	30226454
1328	1637809
1328	362226
1328	50141919
1328	53528780
1328	9869851
1328	22991838
1328	3690512
1328	6487734
1328	28705056
1406	12161197
1406	48510630
1406	15613
1406	59868567
1406	30247956
1406	35191038
1406	28362575
1406	1693246
1406	48213049
1406	54047298
1406	20287316
1406	47198161
1406	25972117
1406	2768815
1406	40580108
1406	26947682
1406	57241631
1406	44211945
1406	958144
1406	9306767
1417	15928
1417	33701379
1417	597445
1417	60157886
1417	8150800
1417	8956358
1417	35441520
1417	35694432
1417	33974127
1417	17613054
1417	68485299
1417	1772690
1417	56641724
1417	10574314
1417	739680
1417	21027224
1417	33744416
1417	56771183
1417	3685355
1417	1266567
1448	22499764
1448	39214331
1448	149373
1448	69583954
1448	26714717
1448	52096378
1448	5167754
1448	9243178
1448	55206108
1448	12987523
1448	51481730
1448	4249585
1448	19660734
1448	65893542
1448	48983277
1448	12583824
1448	3255815
1448	18137585
1448	37688948
1448	63927532
1479	7003018
1479	13804546
1479	44344161
1479	374290
1479	23829805
1479	56330869
1479	1701800
1479	30227165
1479	215403
1479	39216602
1479	5254
1479	14689511
1479	700750
1479	9895310
1479	80552
1479	45604013
1479	17437456
1479	53630607
1479	5947514
1479	85441
1548	228344
1548	19501
1548	13954016
1548	485429
1548	16746
1548	19525
1548	3376850
1548	65212
1548	3482085
1548	47184306
1548	17098
1548	19028
1548	52018352
1548	30374
1548	1289929
1548	65711325
1548	11726144
1548	3672685
1548	56004751
1548	34396002
1558	18831
1558	1337579
1558	5381408
1558	8997784
1558	4973465
1558	1138100
1558	35818365
1558	14740035
1558	58833484
1558	26673495
1558	33543938
1558	35557313
1558	373299
1558	63566825
1558	21653957
1558	25750436
1558	1503369
1558	3593875
1558	4320685
1558	4230329
1647	41688336
1647	6937859
1647	458399
1647	6772438
1647	49837057
1647	44908936
1647	11887
1647	65788507
1647	43656329
1647	1711234
1647	47843428
1647	11751644
1647	9753662
1647	17068147
1647	36317220
1647	17305363
1647	6299849
1647	4274137
1647	22256730
1647	50231486
1806	24184059
1806	66272249
1806	42512141
1806	21385
1806	20733185
1806	64591380
1806	43938371
1806	11506458
1806	58855410
1806	21383
1806	51416439
1806	30166811
1806	56101016
1806	50406616
1806	16279193
1806	61281829
1806	2194752
1806	47865520
1806	19137760
1806	60896083
1821	237148
1821	1101767
1821	444645
1821	21443
1821	2059674
1821	57474427
1821	33499482
1821	57583271
1821	12513388
1821	982171
1821	26954
1821	28075138
1821	16703828
1821	7118043
1821	69206910
1821	11236984
1821	62305198
1821	51005626
1821	22055
1821	54745132
1877	27566
1877	34832619
1877	34246927
1877	28964743
1877	24719017
1877	7325401
1877	31096267
1877	31190237
1877	961522
1877	34651892
1877	20688153
1877	35780188
1877	4330579
1877	33030273
1877	49097573
1877	31019218
1877	31056889
1877	36594870
1877	36665635
1877	63724811
1884	5327436
1884	17497528
1884	416605
1884	4676892
1884	5467747
1884	32052228
1884	417279
1884	1600199
1884	275937
1884	2702986
1884	5396061
1884	1532647
1884	1000718
1884	743715
1884	11471780
1884	275915
1884	54135162
1884	379213
1884	726176
1884	6459483
1890	408186
1890	20095109
1890	59624018
1890	44654916
1890	97325
1890	31523350
1890	18325
1890	67556518
1890	51540712
1890	14120866
1890	1113815
1890	55556900
1890	30945091
1890	219343
1890	44278718
1890	4133752
1890	25602832
1890	65678890
1890	5205277
1890	51191939
2000	27428734
2000	514075
2000	412032
2000	58048237
2000	22926
2000	1201454
2000	455919
2000	13689557
2000	60414009
2000	1010427
2000	63665392
2000	153433
2000	1551274
2000	6585439
2000	214201
2000	886680
2000	29108146
2000	3885852
2000	1011345
2000	25353172
2028	629945
2028	126860
2028	1849942
2028	23637736
2028	50716137
2028	4755830
2028	4770362
2028	42554343
2028	995557
2028	199630
2028	12773500
2028	69373138
2028	24624
2028	3182355
2028	995554
2028	61775069
2028	1564758
2028	172306
2028	11063590
2028	52621755
2106	1679762
2106	51976726
2106	15490
2106	62594
2106	3654204
2106	14556895
2106	180968
2106	9125452
2106	2173511
2106	58530000
2106	1949149
2106	2802521
2106	182595
2106	21209639
2106	12952446
2106	146109
2106	25753965
2106	1977574
2106	45369
2106	16953269
2153	9010996
2153	49780696
2153	2053697
2153	31628413
2153	27672
2153	27717240
2153	3004764
2153	243891
2153	850647
2153	23955733
2153	5562272
2153	566371
2153	48302728
2153	8662791
2153	2441004
2153	2216361
2153	11579625
2153	36391242
2153	8660189
2153	5784365
2160	48951292
2160	5630993
2160	1977320
2160	6972665
2160	234339
2160	34644241
2160	331693
2160	40468223
2160	47456671
2160	42649354
2160	419631
2160	471603
2160	3795151
2160	42649883
2160	57266418
2160	49336830
2160	4875399
2160	8896599
2160	22222318
2160	6789514
2229	26847
2229	15025710
2229	13992896
2229	54023711
2229	30373614
2229	11144147
2229	59443250
2229	871904
2229	237667
2229	423023
2229	43473082
2229	1063759
2229	220964
2229	25674999
2229	38443580
2229	60916712
2229	49675879
2229	47344356
2229	12309236
2229	66235760
2244	42187695
2244	14984940
2244	17066371
2244	43156044
2244	31101250
2244	32847407
2244	7827291
2244	35409673
2244	9287864
2244	52951938
2244	44569579
2244	63099214
2244	1452701
2244	40242261
2244	55912014
2244	54581112
2244	49907674
2244	41441314
2244	20590820
2244	19592358
2448	19137220
2448	49081840
2448	34575163
2448	2249731
2448	26913631
2448	2140799
2448	1306473
2448	8251319
2448	27424282
2448	5880400
2448	6958722
2448	2982759
2448	1059176
2448	21789419
2448	85248
2448	12576473
2448	42389177
2448	16614200
2448	565145
2448	3701745
2483	3351748
2483	4073331
2483	8988347
2483	10397273
2483	7056522
2483	978504
2483	21405138
2483	963515
2483	4800977
2483	4727723
2483	26256228
2483	546017
2483	13904266
2483	3075523
2483	65311177
2483	321606
2483	39827689
2483	7482609
2483	9889179
2483	9993503
2758	752
2758	18985263
2758	67690364
2758	2071765
2758	33734529
2758	67499331
2758	22468661
2758	20127412
2758	369910
2758	38195362
2758	60770015
2758	36305899
2758	33915362
2758	19010531
2758	7074436
2758	1600443
2758	20836
2758	33902210
2758	43989344
2758	199145
2867	22612452
2867	39238641
2867	66326874
2867	391556
2867	27444173
2867	48518858
2867	66326871
2867	4142234
2867	47262468
2867	45637145
2867	63181067
2867	33991284
2867	3248504
2867	36115675
2867	56075578
2867	9811991
2867	5990791
2867	52008924
2867	59840206
2867	9758192
2872	34377126
2872	41703431
2872	3957665
2872	41904886
2872	4553946
2872	31749230
2872	191466
2872	3957390
2872	37083592
2872	32693591
2872	37123790
2872	11502551
2872	265901
2872	47413842
2872	45660976
2872	2727091
2872	53391714
2872	31769841
2872	12675616
2872	67777515
