187	21296218
187	19278728
187	26589133
187	21296224
187	47454294
187	315927
187	12319895
187	44331442
187	9342301
187	49550577
187	39681327
187	1976944
187	44225499
187	2704720
187	3684625
187	2573677
187	1724617
187	4393502
187	9788947
187	35981916
270	27555054
270	18360639
270	43719
270	194904
270	6723885
270	86444
270	8484278
270	27496299
270	69888919
270	47271382
270	35544787
270	22901762
270	50304989
270	18409509
270	54936152
270	57390631
270	7733631
270	35716779
270	42235426
270	6374194
359	974709
359	72035
359	3850
359	60786926
359	38776
359	26378017
359	1856192
359	29297108
359	602667
359	54067944
359	23675539
359	282226
359	51250193
359	58285150
359	602676
359	17203884
359	68662678
359	9211169
359	12776876
359	17178915
365	50794472
365	4269341
365	29075960
365	848348
365	4446807
365	41459343
365	41139172
365	28866920
365	24499534
365	11501230
365	12713983
365	5760249
365	42752580
365	19067219
365	51692185
365	20269926
365	23380704
365	5183398
365	10248979
365	22092
400	21144027
400	9760384
400	56397706
400	1217122
400	69450950
400	58094046
400	19881366
400	21549727
400	194373
400	26995095
400	1448527
400	12861352
400	63274551
400	40541089
400	17622782
400	4466152
400	1527442
400	10456354
400	2596994
400	40003529
404	22143922
404	4865153
404	47339682
404	56835749
404	27857931
404	4994396
404	25120942
404	49107323
404	65864417
404	6132745
404	21057042
404	42868401
404	17109645
404	2290079
404	67187509
404	16765005
404	462298
404	51581949
404	11415129
404	60222109
480	27413422
480	65799903
480	42062980
480	11633515
480	51391
480	63708087
480	32513754
480	63435931
480	20296505
480	63030231
480	41368323
480	10374056
480	6376844
480	63055098
480	23380570
480	67967179
480	48558916
480	33350896
480	66849722
480	2500548
517	47934959
517	214801
517	68787338
517	2981063
517	481669
517	20596936
517	64412164
517	58484250
517	49655745
517	1875976
517	57634404
517	10005501
517	57442267
517	66274822
517	567284
517	5158812
517	1527095
517	36801352
517	457907
517	1533948
568	6793720
568	25775894
568	773977
568	45617327
568	30597024
568	61544855
568	4559718
568	17741875
568	218211
568	22679738
568	59949
568	49189628
568	13099345
568	1364343
568	59838522
568	1714754
568	16086178
568	2190792
568	25226723
568	35019674
596	4129579
596	242001
596	220046
596	11092324
596	4133285
596	6896
596	5180
596	13849906
596	66315
596	23635
596	4111418
596	7888444
596	9488196
596	57999718
596	30929442
596	52398274
596	3723978
596	936085
596	4963419
596	47616558
715	6564969
715	1788
715	4893687
715	23173294
715	436187
715	50674372
715	12023636
715	3974738
715	41198757
715	8761347
715	1211937
715	34449201
715	40498413
715	1003438
715	713248
715	19429105
715	679904
715	4097647
715	47128429
715	29565427
807	7714987
807	16543796
807	41703268
807	18226761
807	18013005
807	42653164
807	64332138
807	35054346
807	2886153
807	53186275
807	9006525
807	24065025
807	17844018
807	16715190
807	23126741
807	8649081
807	16217152
807	65899456
807	16943988
807	17843811
834	56285
834	28805894
834	44269171
834	67111342
834	573313
834	21325518
834	48611021
834	18567040
834	25386783
834	57127165
834	513992
834	51909916
834	8840098
834	581401
834	21629781
834	36945138
834	60284860
834	436022
834	27139763
834	52124303
881	25801950
881	41089704
881	51582
881	57387510
881	16079566
881	34570096
881	616279
881	27318080
881	67141950
881	46795563
881	5241465
881	31675960
881	12421217
881	46795463
881	60323417
881	614836
881	15162635
881	44429057
881	1360939
881	21366049
883	20263821
883	12821460
883	42702190
883	26042356
883	15225609
883	9510
883	38785398
883	42595602
883	275679
883	2924002
883	1197108
883	275671
883	38883452
883	165981
883	1929614
883	6796768
883	24035809
883	20479947
883	38384402
883	34415471
949	43167590
949	3775861
949	11185
949	5686076
949	790968
949	51522942
949	1712326
949	1070171
949	632922
949	44044949
949	37251246
949	39315095
949	21106462
949	22443992
949	43682202
949	52512463
949	48260469
949	13433057
949	49156677
949	31167437
951	6140857
951	26868834
951	7290107
951	339986
951	9295770
951	27980681
951	10030620
951	29436591
951	57867432
951	26944509
951	4265080
951	37005714
951	44122888
951	132821
951	49545897
951	64010968
951	53913583
951	25800084
951	24822703
951	4351435
955	61800413
955	69121006
955	56717294
955	62595930
955	1769468
955	42521351
955	2825163
955	52651705
955	36985798
955	151807
955	57133348
955	59899013
955	25392992
955	2819577
955	59394452
955	49260550
955	51220272
955	57711958
955	44652285
955	68780299
995	4699587
995	447810
995	35843159
995	2493928
995	4498383
995	5078115
995	4487837
995	7652711
995	23924014
995	45318006
995	2108090
995	37336511
995	27529871
995	445773
995	308898
995	27275282
995	48870
995	67313346
995	69986847
995	62332
1018	56122002
1018	23964910
1018	62019792
1018	1662349
1018	1167930
1018	50695587
1018	36940292
1018	17365965
1018	22162785
1018	3231320
1018	8526625
1018	3517612
1018	8023536
1018	30993286
1018	2476925
1018	13544786
1018	957951
1018	51623488
1018	2503078
1018	39924837
1180	29088675
1180	3471971
1180	18612
1180	3189597
1180	14423
1180	1524959
1180	33119354
1180	42281988
1180	448834
1180	29330052
1180	153981
1180	61016924
1180	31486
1180	61009214
1180	822249
1180	638263
1180	471436
1180	506886
1180	2651035
1180	62818092
1233	14790
1233	17378626
1233	4275981
1233	5856737
1233	35731094
1233	54878097
1233	39761336
1233	51692174
1233	51692350
1233	11520018
1233	10014739
1233	1328660
1233	17323087
1233	62621990
1233	26800561
1233	9869631
1233	4873754
1233	567927
1233	2225201
1233	55582066
1328	33853886
1328	82533
1328	50141919
1328	67419609
1328	11431827
1328	172550
1328	22991838
1328	35305141
1328	362226
1328	28705056
1328	53528780
1328	20879276
1328	3375213
1328	37291851
1328	24657403
1328	4361682
1328	31340283
1328	67528275
1328	43517668
1328	8219149
1406	12161197
1406	48510630
1406	15613
1406	59868567
1406	30247956
1406	35191038
1406	28362575
1406	1693246
1406	48213049
1406	54047298
1406	20287316
1406	47198161
1406	25972117
1406	2768815
1406	40580108
1406	26947682
1406	57241631
1406	44211945
1406	958144
1406	9306767
1417	15928
1417	33701379
1417	35441520
1417	60157886
1417	597445
1417	8956358
1417	8150800
1417	33974127
1417	1772690
1417	35694432
1417	17613054
1417	56641724
1417	739680
1417	10574314
1417	3685355
1417	21027224
1417	1266567
1417	49750215
1417	53070037
1417	33744416
1448	149373
1448	52096378
1448	5167754
1448	39214331
1448	69583954
1448	65893542
1448	9243178
1448	55206108
1448	12987523
1448	48983277
1448	39749128
1448	22499764
1448	19660734
1448	13831434
1448	51481730
1448	2468003
1448	61146442
1448	55366546
1448	26714717
1448	24240636
1479	80552
1479	5947514
1479	374290
1479	18342
1479	700750
1479	224842
1479	38927011
1479	39564684
1479	534412
1479	9895310
1479	50600664
1479	14689511
1479	21300477
1479	6196097
1479	63972272
1479	17437456
1479	17487382
1479	5744948
1479	9027995
1479	5255
1548	19501
1548	605431
1548	12759965
1548	3482085
1548	67568242
1548	485429
1548	48255934
1548	20631644
1548	13954016
1548	19028
1548	52658899
1548	16746
1548	52661187
1548	54175046
1548	11726144
1548	228344
1548	32279080
1548	10421353
1548	33417500
1548	3376850
1558	18831
1558	1337579
1558	5381408
1558	8997784
1558	4973465
1558	1138100
1558	35818365
1558	14740035
1558	58833484
1558	26673495
1558	33543938
1558	35557313
1558	373299
1558	63566825
1558	21653957
1558	25750436
1558	1503369
1558	3593875
1558	4320685
1558	4230329
1647	61037951
1647	17046267
1647	3923951
1647	63938023
1647	458399
1647	52955902
1647	1759402
1647	5215751
1647	9306991
1647	65897976
1647	1399702
1647	194264
1647	38149833
1647	595565
1647	52646797
1647	42888334
1647	41688336
1647	355632
1647	4274137
1647	62844619
1806	21383
1806	34543545
1806	8399106
1806	12311661
1806	21388
1806	85232
1806	1006061
1806	23769768
1806	21382
1806	2227627
1806	2292852
1806	6179952
1806	626168
1806	21392
1806	11734374
1806	21385
1806	21386
1806	46601856
1806	3385208
1806	2194752
1821	16703828
1821	6389257
1821	46879960
1821	57474427
1821	11236984
1821	1603729
1821	33499482
1821	51005626
1821	2737608
1821	11784881
1821	54745132
1821	505868
1821	9116794
1821	39808671
1821	342846
1821	11120263
1821	63584108
1821	3514449
1821	31557696
1821	40699433
1877	12259250
1877	31200350
1877	31816205
1877	11625778
1877	34236439
1877	34832619
1877	51488846
1877	31816241
1877	50002311
1877	42531240
1877	31223110
1877	29929853
1877	25077151
1877	34236482
1877	35299440
1877	31566075
1877	921214
1877	35672968
1877	59157339
1877	31190237
1884	23081957
1884	59659098
1884	23544281
1884	11347039
1884	8560330
1884	36565334
1884	1600199
1884	40923805
1884	275915
1884	8560371
1884	21767594
1884	65746997
1884	40930953
1884	5327436
1884	32016924
1884	3777288
1884	31218723
1884	5228842
1884	6585447
1884	7114160
1890	408186
1890	20095109
1890	59624018
1890	44654916
1890	97325
1890	31523350
1890	18325
1890	67556518
1890	51540712
1890	14120866
1890	1113815
1890	55556900
1890	30945091
1890	219343
1890	44278718
1890	4133752
1890	25602832
1890	65678890
1890	5205277
1890	51191939
2000	27428734
2000	22926
2000	53372609
2000	13451538
2000	60414009
2000	514075
2000	412032
2000	8255383
2000	58048237
2000	63665392
2000	1061760
2000	6585439
2000	38460304
2000	29108146
2000	455919
2000	153433
2000	25353172
2000	43749773
2000	44211316
2000	1376826
2028	13448416
2028	23637736
2028	69373138
2028	6180884
2028	59120831
2028	24624
2028	995554
2028	548696
2028	4439963
2028	995557
2028	1564758
2028	4359973
2028	6220317
2028	40416291
2028	2787256
2028	4770362
2028	6246114
2028	42554343
2028	88290
2028	37703760
2106	13320842
2106	1679762
2106	9125452
2106	51976726
2106	45948
2106	52862067
2106	12360794
2106	146109
2106	23587995
2106	516271
2106	16086005
2106	42588011
2106	16742975
2106	152310
2106	56636148
2106	14205557
2106	4324377
2106	23379522
2106	5928921
2106	44386562
2153	67782
2153	27672
2153	42968330
2153	58662616
2153	27717240
2153	3607388
2153	11579625
2153	5515578
2153	9010996
2153	35861147
2153	32619343
2153	850647
2153	2216361
2153	46853846
2153	8662791
2153	182975
2153	232182
2153	951957
2153	41420292
2153	18403421
2160	48951292
2160	5630993
2160	1977320
2160	6972665
2160	234339
2160	34644241
2160	331693
2160	40468223
2160	47456671
2160	42649354
2160	419631
2160	471603
2160	3795151
2160	42649883
2160	57266418
2160	49336830
2160	4875399
2160	8896599
2160	22222318
2160	6789514
2229	30373614
2229	49675879
2229	12309236
2229	43473082
2229	683076
2229	53874762
2229	37578255
2229	54506295
2229	18942158
2229	472726
2229	17264570
2229	18704434
2229	2048291
2229	375445
2229	54023711
2229	8888768
2229	57440492
2229	11144147
2229	60916712
2229	4135537
2244	17066371
2244	42187695
2244	7827291
2244	63099214
2244	14984940
2244	44569579
2244	32847407
2244	7848702
2244	31101250
2244	55912014
2244	43156044
2244	19592358
2244	1452701
2244	9287864
2244	35409673
2244	10692867
2244	7260275
2244	52951938
2244	49907674
2244	20590820
2448	2249731
2448	5880400
2448	6958722
2448	2982759
2448	7665661
2448	39240759
2448	7660403
2448	1306473
2448	51188913
2448	2915403
2448	4197115
2448	9497332
2448	5747640
2448	713146
2448	5036702
2448	1168199
2448	7992967
2448	10161917
2448	5751360
2448	531434
2483	3351748
2483	4073331
2483	8988347
2483	10397273
2483	7056522
2483	978504
2483	21405138
2483	963515
2483	4800977
2483	4727723
2483	26256228
2483	546017
2483	13904266
2483	3075523
2483	65311177
2483	321606
2483	39827689
2483	7482609
2483	9889179
2483	9993503
2758	33734529
2758	6556925
2758	240072
2758	2071765
2758	752
2758	60809423
2758	20127412
2758	59599890
2758	18985263
2758	32104149
2758	19010531
2758	46234172
2758	212222
2758	33276979
2758	67690364
2758	36303864
2758	141330
2758	43829091
2758	1087755
2758	34410979
2867	22612452
2867	39238641
2867	66326874
2867	391556
2867	27444173
2867	48518858
2867	66326871
2867	4142234
2867	47262468
2867	45637145
2867	63181067
2867	33991284
2867	3248504
2867	36115675
2867	56075578
2867	9811991
2867	5990791
2867	52008924
2867	59840206
2867	9758192
2872	41904886
2872	3957390
2872	9833634
2872	32693591
2872	37123790
2872	12675616
2872	57511711
2872	34377126
2872	29208685
2872	50855518
2872	57474574
2872	43331095
2872	24349431
2872	41703431
2872	57936499
2872	35911312
2872	33142196
2872	36334822
2872	15428689
2872	34236639
