187	21296218
187	19278728
187	26589133
187	21296224
187	47454294
187	315927
187	12319895
187	44331442
187	9342301
187	49550577
187	39681327
187	1976944
187	44225499
187	2704720
187	3684625
187	2573677
187	1724617
187	4393502
187	9788947
187	35981916
270	6425462
270	23378936
270	42235426
270	18934854
270	69888919
270	50304989
270	27496299
270	19199156
270	3884195
270	14287446
270	55074800
270	34844533
270	27080292
270	56421195
270	56653298
270	19136808
270	36583540
270	25332399
270	36816808
270	13050806
359	974709
359	72035
359	3850
359	60786926
359	38776
359	26378017
359	1856192
359	29297108
359	602667
359	54067944
359	23675539
359	282226
359	51250193
359	58285150
359	602676
359	17203884
359	68662678
359	9211169
359	12776876
359	17178915
365	50794472
365	4269341
365	29075960
365	848348
365	4446807
365	41459343
365	41139172
365	28866920
365	24499534
365	11501230
365	12713983
365	5760249
365	42752580
365	19067219
365	51692185
365	20269926
365	23380704
365	5183398
365	10248979
365	22092
400	21144027
400	9760384
400	56397706
400	1217122
400	69450950
400	58094046
400	19881366
400	21549727
400	194373
400	26995095
400	1448527
400	12861352
400	63274551
400	40541089
400	17622782
400	4466152
400	1527442
400	10456354
400	2596994
400	40003529
404	1584122
404	62521794
404	65726687
404	6975380
404	22143922
404	1365637
404	35678135
404	56835749
404	57575391
404	64987533
404	1699539
404	3649140
404	69410169
404	65864417
404	59982219
404	42985982
404	27989640
404	39464471
404	31933541
404	419056
480	63708087
480	63435931
480	63030231
480	63055098
480	67967179
480	66849722
480	69634019
480	62750956
480	63612268
480	67693224
480	69846606
480	63536836
480	63183247
480	63906007
480	64514667
480	2864091
480	63319438
480	63804580
480	64532400
480	63484502
517	214801
517	57636050
517	49655745
517	57631795
517	1875976
517	57634330
517	3216124
517	10005501
517	39397783
517	17928575
517	30885339
517	33310448
517	47934959
517	10005670
517	20760475
517	433417
517	36110979
517	46352192
517	14769490
517	3048828
568	45617327
568	773977
568	4559718
568	33636807
568	218211
568	698821
568	49189628
568	25775894
568	1714754
568	59949
568	1364343
568	13023421
568	61544855
568	30597024
568	23747728
568	2190792
568	59838522
568	16083
568	22679738
568	1554121
596	4129579
596	220046
596	4133285
596	30929442
596	11092324
596	4309504
596	24568072
596	57783194
596	6896
596	13922892
596	66315
596	3723978
596	29055775
596	6899104
596	65622
596	3100521
596	41264758
596	733929
596	4392265
596	4963419
715	3089584
715	772568
715	15110906
715	1788
715	14985464
715	19800187
715	42118119
715	22484758
715	17595071
715	382702
715	51385716
715	2787546
715	436187
715	35850812
715	44211754
715	54054334
715	50674372
715	2346493
715	59588994
715	402982
807	44921851
807	277945
807	45698342
807	17843811
807	6157170
807	52518480
807	42653164
807	61853770
807	59924880
807	64539219
807	64332138
807	15669381
807	24065025
807	43434343
807	7714987
807	63087225
807	38704865
807	47320511
807	24998598
807	18013005
834	44269171
834	56285
834	573313
834	67111342
834	57127165
834	28805894
834	60284860
834	48611021
834	55499679
834	21325518
834	44311024
834	55751235
834	25386783
834	8840098
834	21629781
834	55191202
834	58855557
834	27139763
834	18567040
834	51909916
881	25801950
881	41089704
881	51582
881	57387510
881	16079566
881	34570096
881	616279
881	27318080
881	67141950
881	46795563
881	5241465
881	31675960
881	12421217
881	46795463
881	60323417
881	614836
881	15162635
881	44429057
881	1360939
881	21366049
883	12821460
883	9510
883	20263821
883	2924002
883	165981
883	181431
883	38384402
883	9960008
883	15225609
883	8860626
883	61553293
883	2305470
883	50725563
883	87606
883	5625754
883	3728377
883	29715451
883	55461109
883	1213168
883	275679
949	8685505
949	11185
949	41338940
949	21992780
949	52148295
949	40853640
949	65473053
949	1712326
949	51463428
949	54967685
949	44044949
949	45084659
949	22443992
949	46200358
949	875547
949	13433057
949	65821969
949	43167590
949	58064588
949	3880802
951	6140857
951	7290107
951	132821
951	2457622
951	28923219
951	9710254
951	2396086
951	6139032
951	26944509
951	8930387
951	27329378
951	5343636
951	2423557
951	48074331
951	16396275
951	11450984
951	35797683
951	1523780
951	3461974
951	20398146
955	69573806
955	27002888
955	74968
955	151807
955	31995603
955	55834592
955	19077633
955	39050021
955	14214562
955	50008069
955	59899013
955	5551857
955	60292190
955	69443836
955	678533
955	40537560
955	13922616
955	57738809
955	8543798
955	48375000
995	4699587
995	447810
995	35843159
995	2493928
995	4498383
995	5078115
995	4487837
995	7652711
995	23924014
995	45318006
995	2108090
995	37336511
995	27529871
995	445773
995	308898
995	27275282
995	48870
995	67313346
995	69986847
995	62332
1018	33992878
1018	23976719
1018	48439033
1018	56122002
1018	23964910
1018	10669
1018	25304788
1018	1662349
1018	51159000
1018	17365965
1018	62019792
1018	4883511
1018	50695587
1018	22162785
1018	10830
1018	30734258
1018	143183
1018	65408886
1018	36940292
1018	14172113
1180	29088675
1180	3471971
1180	18612
1180	3189597
1180	14423
1180	1524959
1180	33119354
1180	42281988
1180	448834
1180	29330052
1180	153981
1180	61016924
1180	31486
1180	61009214
1180	822249
1180	638263
1180	471436
1180	506886
1180	2651035
1180	62818092
1233	9386580
1233	14790
1233	5856737
1233	8082232
1233	9869631
1233	17378626
1233	4366321
1233	10014739
1233	4275981
1233	567915
1233	1313021
1233	21956202
1233	19076840
1233	35731094
1233	45466047
1233	39761336
1233	723885
1233	62513719
1233	2210161
1233	51692174
1328	33853886
1328	11431827
1328	22991838
1328	53528780
1328	1275053
1328	2944700
1328	24657403
1328	919326
1328	24688923
1328	26322591
1328	3549920
1328	188480
1328	7422799
1328	14227252
1328	24808757
1328	42597767
1328	3690512
1328	46399007
1328	17089096
1328	7491824
1406	48510630
1406	12161197
1406	30247956
1406	323708
1406	35191038
1406	48213049
1406	47198161
1406	44211945
1406	36238164
1406	2768815
1406	2148134
1406	53385677
1406	54047298
1406	44564789
1406	958144
1406	695588
1406	20287316
1406	57241631
1406	36460262
1406	15613
1417	15928
1417	33701379
1417	597445
1417	60157886
1417	8150800
1417	8956358
1417	35441520
1417	35694432
1417	33974127
1417	17613054
1417	68485299
1417	1772690
1417	56641724
1417	10574314
1417	739680
1417	21027224
1417	33744416
1417	56771183
1417	3685355
1417	1266567
1448	7525910
1448	48789314
1448	61511950
1448	149373
1448	69583954
1448	52096378
1448	5167754
1448	20875984
1448	57763169
1448	19660734
1448	55206108
1448	22499764
1448	63927532
1448	28696353
1448	39214331
1448	6270464
1448	1553622
1448	40857917
1448	66751816
1448	13070
1479	7003018
1479	13804546
1479	44344161
1479	374290
1479	23829805
1479	56330869
1479	1701800
1479	30227165
1479	215403
1479	39216602
1479	5254
1479	14689511
1479	700750
1479	9895310
1479	80552
1479	45604013
1479	17437456
1479	53630607
1479	5947514
1479	85441
1548	34396002
1548	42777906
1548	605431
1548	30987379
1548	20631644
1548	3530966
1548	340332
1548	32279080
1548	15356703
1548	53383113
1548	1365014
1548	10460760
1548	29438604
1548	8010079
1548	10483627
1548	3406454
1548	56105548
1548	65711325
1548	25889294
1548	47184306
1558	18831
1558	1337579
1558	5381408
1558	8997784
1558	4973465
1558	1138100
1558	35818365
1558	14740035
1558	58833484
1558	26673495
1558	33543938
1558	35557313
1558	373299
1558	63566825
1558	21653957
1558	25750436
1558	1503369
1558	3593875
1558	4320685
1558	4230329
1647	41688336
1647	6937859
1647	458399
1647	6772438
1647	49837057
1647	44908936
1647	11887
1647	65788507
1647	43656329
1647	1711234
1647	47843428
1647	11751644
1647	9753662
1647	17068147
1647	36317220
1647	17305363
1647	6299849
1647	4274137
1647	22256730
1647	50231486
1806	24184059
1806	66272249
1806	42512141
1806	21385
1806	20733185
1806	64591380
1806	43938371
1806	11506458
1806	58855410
1806	21383
1806	51416439
1806	30166811
1806	56101016
1806	50406616
1806	16279193
1806	61281829
1806	2194752
1806	47865520
1806	19137760
1806	60896083
1821	237148
1821	1101767
1821	444645
1821	21443
1821	2059674
1821	57474427
1821	33499482
1821	57583271
1821	12513388
1821	982171
1821	26954
1821	28075138
1821	16703828
1821	7118043
1821	69206910
1821	11236984
1821	62305198
1821	51005626
1821	22055
1821	54745132
1877	27566
1877	34832619
1877	34246927
1877	28964743
1877	24719017
1877	7325401
1877	31096267
1877	31190237
1877	961522
1877	34651892
1877	20688153
1877	35780188
1877	4330579
1877	33030273
1877	49097573
1877	31019218
1877	31056889
1877	36594870
1877	36665635
1877	63724811
1884	36565334
1884	65746997
1884	5327436
1884	7093997
1884	5228842
1884	6585447
1884	51614042
1884	67112139
1884	37936942
1884	11347039
1884	22348
1884	5707225
1884	3994720
1884	39980113
1884	7114160
1884	14705923
1884	18996620
1884	43144490
1884	11760254
1884	17497528
1890	408186
1890	97325
1890	18325
1890	44654916
1890	1113815
1890	4133752
1890	59624018
1890	2757229
1890	1055483
1890	14120866
1890	30945091
1890	1504343
1890	21509389
1890	51540712
1890	67556518
1890	1088597
1890	44278718
1890	24073766
1890	435576
1890	33995174
2000	27428734
2000	58048237
2000	6585439
2000	455919
2000	412032
2000	751455
2000	3885852
2000	1201454
2000	153433
2000	846283
2000	4620457
2000	23278182
2000	3811800
2000	1010427
2000	6417897
2000	886680
2000	1498802
2000	13945642
2000	214201
2000	2064265
2028	13448416
2028	47135
2028	29163577
2028	69373138
2028	23637736
2028	38986323
2028	29920554
2028	12150947
2028	31881996
2028	995554
2028	14203005
2028	20942890
2028	68849209
2028	6180884
2028	18151212
2028	435239
2028	5268262
2028	37703760
2028	65827409
2028	1850105
2106	13320842
2106	1679762
2106	9125452
2106	51976726
2106	45948
2106	52862067
2106	12360794
2106	146109
2106	23587995
2106	516271
2106	16086005
2106	42588011
2106	16742975
2106	152310
2106	56636148
2106	14205557
2106	4324377
2106	23379522
2106	5928921
2106	44386562
2153	9010996
2153	27672
2153	27717240
2153	5562272
2153	11579625
2153	67782
2153	36344652
2153	2053697
2153	5053040
2153	8133222
2153	42968330
2153	49780696
2153	8293937
2153	243891
2153	15079070
2153	41600733
2153	47253935
2153	3004764
2153	51075590
2153	566371
2160	5630993
2160	25009206
2160	29919439
2160	56250426
2160	48951292
2160	6366065
2160	12140216
2160	42649354
2160	2167732
2160	13881039
2160	37768851
2160	42649883
2160	6972665
2160	23090779
2160	1977320
2160	25441172
2160	40468223
2160	8896599
2160	28261561
2160	9482998
2229	26847
2229	15025710
2229	13992896
2229	54023711
2229	30373614
2229	11144147
2229	59443250
2229	871904
2229	237667
2229	423023
2229	43473082
2229	1063759
2229	220964
2229	25674999
2229	38443580
2229	60916712
2229	49675879
2229	47344356
2229	12309236
2229	66235760
2244	68896842
2244	60841300
2244	54368899
2244	7364118
2244	42187695
2244	670670
2244	48324759
2244	62308599
2244	58711657
2244	31101250
2244	26551514
2244	49907674
2244	7848702
2244	523101
2244	17066371
2244	2113590
2244	51252681
2244	58432530
2244	41281024
2244	64096046
2448	19137220
2448	49081840
2448	34575163
2448	2249731
2448	26913631
2448	2140799
2448	1306473
2448	8251319
2448	27424282
2448	5880400
2448	6958722
2448	2982759
2448	1059176
2448	21789419
2448	85248
2448	12576473
2448	42389177
2448	16614200
2448	565145
2448	3701745
2483	7845903
2483	43676372
2483	3351748
2483	61241986
2483	20760475
2483	13319450
2483	34963026
2483	12994459
2483	1483207
2483	13319456
2483	20900593
2483	9029751
2483	37131738
2483	32440340
2483	8869913
2483	7075890
2483	551336
2483	7433190
2483	26987737
2483	20761754
2758	752
2758	18985263
2758	67690364
2758	2071765
2758	33734529
2758	67499331
2758	22468661
2758	20127412
2758	369910
2758	38195362
2758	60770015
2758	36305899
2758	33915362
2758	19010531
2758	7074436
2758	1600443
2758	20836
2758	33902210
2758	43989344
2758	199145
2867	22612452
2867	39238641
2867	66326874
2867	391556
2867	27444173
2867	48518858
2867	66326871
2867	4142234
2867	47262468
2867	45637145
2867	63181067
2867	33991284
2867	3248504
2867	36115675
2867	56075578
2867	9811991
2867	5990791
2867	52008924
2867	59840206
2867	9758192
2872	34377126
2872	41703431
2872	3957665
2872	41904886
2872	4553946
2872	31749230
2872	191466
2872	3957390
2872	37083592
2872	32693591
2872	37123790
2872	11502551
2872	265901
2872	47413842
2872	45660976
2872	2727091
2872	53391714
2872	31769841
2872	12675616
2872	67777515
