187	26589133
187	21296218
187	44331442
187	34120229
187	56296730
187	19278728
187	39681327
187	12319895
187	21296224
187	33066340
187	315927
187	44225499
187	32403779
187	69391314
187	1194886
187	9630158
187	35981916
187	2704720
187	30653780
187	3684625
270	43719
270	69888919
270	27496299
270	56653298
270	6425462
270	23378936
270	51030203
270	40845382
270	42235426
270	18934854
270	23802396
270	47750625
270	23657622
270	23632328
270	13056502
270	23710350
270	32972750
270	2221521
270	33751816
270	28016410
359	23675539
359	26378017
359	51250193
359	68662678
359	27665197
359	1856192
359	11576068
359	72035
359	52349431
359	12776876
359	5549672
359	66885059
359	18321461
359	282226
359	35010305
359	13285522
359	38776
359	32289193
359	5802344
359	33895947
365	50794472
365	29148292
365	3921
365	4269341
365	33029233
365	29075960
365	22359
365	4446807
365	41139172
365	55395086
365	33029203
365	768856
365	27467033
365	23243839
365	6129782
365	28866920
365	40410103
365	24499534
365	11501230
365	848348
400	21144027
400	17181306
400	194373
400	9760384
400	58094046
400	19210357
400	1448527
400	1217122
400	12861352
400	2596994
400	4466152
400	23158981
400	19881366
400	38390763
400	52877823
400	1527442
400	11838142
400	26995095
400	11214377
400	40003529
404	65864417
404	42868401
404	3624090
404	51581949
404	49617018
404	41389299
404	58892508
404	40461658
404	27857931
404	4865153
404	35460624
404	25120942
404	39464471
404	5744162
404	21057042
404	23590293
404	4633395
404	60222109
404	55227571
404	23957239
480	63708087
480	63435931
480	63030231
480	63055098
480	67967179
480	66849722
480	69634019
480	62750956
480	63612268
480	67693224
480	69846606
480	63536836
480	63183247
480	63906007
480	64514667
480	2864091
480	63319438
480	63804580
480	64532400
480	63484502
517	20596936
517	214801
517	47934959
517	68787338
517	10005501
517	481669
517	9161315
517	49655745
517	1875976
517	58484250
517	61938488
517	567284
517	17928575
517	36801352
517	5158812
517	57442267
517	29546764
517	457907
517	49242921
517	10360985
568	773977
568	49189628
568	59838522
568	6793720
568	3102972
568	22679738
568	3223411
568	4588717
568	32062510
568	1161559
568	16836322
568	7425846
568	842232
568	23747728
568	615233
568	5931351
568	35610028
568	36443197
568	63159914
568	20108376
596	4129579
596	11092324
596	52398274
596	4133285
596	30929442
596	57783194
596	5180
596	13849906
596	220046
596	47616558
596	24568072
596	4111418
596	242001
596	18761076
596	57999718
596	6896
596	9488196
596	34305838
596	66315
596	13922892
715	6564969
715	3089584
715	4893687
715	42118119
715	856
715	22484758
715	13178218
715	382702
715	772568
715	34449201
715	59703
715	1788
715	436187
715	1003438
715	24259303
715	44211754
715	166826
715	4097647
715	102490
715	12023636
807	42653164
807	64332138
807	2987511
807	28650532
807	875585
807	9006525
807	35054346
807	52745312
807	16943988
807	24998598
807	3597551
807	19908602
807	45698342
807	9899205
807	854316
807	2280213
807	2619840
807	6157170
807	18152985
807	25062692
834	56285
834	28805894
834	44269171
834	67111342
834	573313
834	21325518
834	48611021
834	18567040
834	25386783
834	57127165
834	513992
834	51909916
834	8840098
834	581401
834	21629781
834	36945138
834	60284860
834	436022
834	27139763
834	52124303
881	616279
881	5241465
881	16079566
881	67141950
881	57387510
881	31675960
881	614836
881	44429057
881	12421217
881	41862176
881	1184687
881	40211357
881	41089704
881	40828743
881	37313876
881	8911097
881	47756463
881	1360939
881	18853441
881	31675664
883	20263821
883	12821460
883	42702190
883	26042356
883	15225609
883	9510
883	38785398
883	42595602
883	275679
883	2924002
883	1197108
883	275671
883	38883452
883	165981
883	1929614
883	6796768
883	24035809
883	20479947
883	38384402
883	34415471
949	43167590
949	3775861
949	11185
949	5686076
949	790968
949	51522942
949	1712326
949	1070171
949	632922
949	44044949
949	37251246
949	39315095
949	21106462
949	22443992
949	43682202
949	52512463
949	48260469
949	13433057
949	49156677
949	31167437
951	6140857
951	9295770
951	26868834
951	7290107
951	57867432
951	27980681
951	44122888
951	26944509
951	10030620
951	64010968
951	132821
951	4265080
951	4351435
951	8747532
951	24822703
951	339986
951	10781
951	6853799
951	4630223
951	66154
955	14214562
955	50266077
955	69443836
955	151807
955	27002888
955	34838846
955	55834592
955	30159510
955	74968
955	40537560
955	19077633
955	59899013
955	678533
955	31995603
955	39050021
955	31487606
955	69573806
955	5551857
955	50008069
955	9215946
995	4699587
995	447810
995	35843159
995	2493928
995	4498383
995	5078115
995	4487837
995	7652711
995	23924014
995	45318006
995	2108090
995	37336511
995	27529871
995	445773
995	308898
995	27275282
995	48870
995	67313346
995	69986847
995	62332
1018	1138884
1018	957951
1018	18951490
1018	23976719
1018	10669
1018	51623488
1018	10568
1018	52351174
1018	143183
1018	30746961
1018	23964910
1018	48439033
1018	23956953
1018	2186657
1018	25735
1018	902077
1018	17365965
1018	46765516
1018	442145
1018	16734422
1180	29088675
1180	3471971
1180	18612
1180	3189597
1180	14423
1180	1524959
1180	33119354
1180	42281988
1180	448834
1180	29330052
1180	153981
1180	61016924
1180	31486
1180	61009214
1180	822249
1180	638263
1180	471436
1180	506886
1180	2651035
1180	62818092
1233	14790
1233	17378626
1233	4275981
1233	5856737
1233	35731094
1233	54878097
1233	39761336
1233	51692174
1233	51692350
1233	11520018
1233	10014739
1233	1328660
1233	17323087
1233	62621990
1233	26800561
1233	9869631
1233	4873754
1233	567927
1233	2225201
1233	55582066
1328	33853886
1328	20879276
1328	24688923
1328	82533
1328	919326
1328	67419609
1328	31340283
1328	24707609
1328	172550
1328	11431827
1328	30226454
1328	1637809
1328	362226
1328	50141919
1328	53528780
1328	9869851
1328	22991838
1328	3690512
1328	6487734
1328	28705056
1406	48510630
1406	15613
1406	1693246
1406	12161197
1406	30247956
1406	35191038
1406	54652123
1406	48213049
1406	47198161
1406	40580108
1406	59868567
1406	44211945
1406	2768815
1406	28362575
1406	54047298
1406	63830497
1406	44564789
1406	958144
1406	20287316
1406	25972117
1417	15928
1417	33701379
1417	35441520
1417	60157886
1417	597445
1417	8956358
1417	8150800
1417	33974127
1417	1772690
1417	35694432
1417	17613054
1417	56641724
1417	739680
1417	10574314
1417	3685355
1417	21027224
1417	1266567
1417	49750215
1417	53070037
1417	33744416
1448	7525910
1448	48789314
1448	61511950
1448	149373
1448	69583954
1448	52096378
1448	5167754
1448	20875984
1448	57763169
1448	19660734
1448	55206108
1448	22499764
1448	63927532
1448	28696353
1448	39214331
1448	6270464
1448	1553622
1448	40857917
1448	66751816
1448	13070
1479	7003018
1479	13804546
1479	44344161
1479	374290
1479	23829805
1479	56330869
1479	1701800
1479	30227165
1479	215403
1479	39216602
1479	5254
1479	14689511
1479	700750
1479	9895310
1479	80552
1479	45604013
1479	17437456
1479	53630607
1479	5947514
1479	85441
1548	19501
1548	20631644
1548	65711325
1548	34396002
1548	605431
1548	13954016
1548	3482085
1548	58942115
1548	11726144
1548	42777906
1548	485429
1548	32279080
1548	70124754
1548	3376850
1548	47184306
1548	10460760
1548	19028
1548	53383113
1548	16746
1548	31880362
1558	18831
1558	8997784
1558	4973465
1558	49403913
1558	33543938
1558	14740035
1558	58833484
1558	1337579
1558	373299
1558	25750436
1558	4230329
1558	1138100
1558	26673495
1558	35818365
1558	5381408
1558	1042164
1558	21653957
1558	63566825
1558	159730
1558	326471
1647	53096893
1647	1460801
1647	1759402
1647	44147035
1647	32898380
1647	194264
1647	53854143
1647	53084433
1647	18210026
1647	41688336
1647	8698952
1647	52804695
1647	458399
1647	6323252
1647	6937859
1647	36317220
1647	20029110
1647	4467378
1647	10128567
1647	3627404
1806	21385
1806	24184059
1806	64965723
1806	21383
1806	63300501
1806	42512141
1806	2194752
1806	20733185
1806	65767595
1806	43938371
1806	11506458
1806	226734
1806	4006721
1806	30166811
1806	31538955
1806	18979830
1806	16279193
1806	19137760
1806	21388
1806	33617617
1821	2737608
1821	11236984
1821	16703828
1821	57474427
1821	40698351
1821	11784881
1821	33499482
1821	6389257
1821	4761282
1821	54745132
1821	1603729
1821	505868
1821	651796
1821	51005626
1821	1438001
1821	342846
1821	148351
1821	11120263
1821	38388084
1821	46879960
1877	51292995
1877	35076265
1877	30104638
1877	8351234
1877	18375894
1877	44246285
1877	66894384
1877	35937111
1877	63724811
1877	18143785
1877	77745
1877	8351239
1877	961522
1877	22576
1877	42196
1877	34236439
1877	14244631
1877	2176142
1877	1610886
1877	48644
1884	538484
1884	18996620
1884	14201802
1884	671880
1884	22348
1884	2421192
1884	1600199
1884	6585447
1884	308831
1884	7699834
1884	277570
1884	51614042
1884	6723896
1884	47764352
1884	41943326
1884	65746997
1884	36565334
1884	618649
1884	37936942
1884	3777288
1890	408186
1890	97325
1890	18325
1890	1113815
1890	14120866
1890	59624018
1890	37062
1890	65629090
1890	2757229
1890	30945091
1890	34379546
1890	25602832
1890	21509389
1890	1088597
1890	24073766
1890	20903489
1890	40326647
1890	11436276
1890	19114259
1890	541048
2000	22926
2000	27428734
2000	36691004
2000	60414009
2000	514075
2000	29108146
2000	412032
2000	13689557
2000	51115391
2000	6585439
2000	26964199
2000	58048237
2000	455919
2000	29074075
2000	153433
2000	41938920
2000	14785803
2000	63665392
2000	25353172
2000	17475870
2028	629945
2028	126860
2028	1849942
2028	23637736
2028	50716137
2028	4755830
2028	4770362
2028	42554343
2028	995557
2028	199630
2028	12773500
2028	69373138
2028	24624
2028	3182355
2028	995554
2028	61775069
2028	1564758
2028	172306
2028	11063590
2028	52621755
2106	13320842
2106	1679762
2106	9125452
2106	51976726
2106	45948
2106	52862067
2106	12360794
2106	146109
2106	23587995
2106	516271
2106	16086005
2106	42588011
2106	16742975
2106	152310
2106	56636148
2106	14205557
2106	4324377
2106	23379522
2106	5928921
2106	44386562
2153	850647
2153	5562272
2153	8662791
2153	8660189
2153	27717240
2153	8570363
2153	8566367
2153	11579625
2153	8133222
2153	8566951
2153	1806946
2153	215015
2153	8569635
2153	8569913
2153	605660
2153	5053040
2153	8570569
2153	1322799
2153	3004764
2153	566371
2160	8896599
2160	6972665
2160	48951292
2160	17692088
2160	5630993
2160	57266418
2160	22222318
2160	234339
2160	34644241
2160	17593881
2160	1977320
2160	32060877
2160	1385966
2160	47456671
2160	30292166
2160	471603
2160	9986621
2160	69742243
2160	42649354
2160	40468223
2229	26847
2229	38775552
2229	38443580
2229	43473082
2229	15025710
2229	54506295
2229	13992896
2229	472726
2229	30373614
2229	21156505
2229	47246185
2229	59443250
2229	423023
2229	18048
2229	33526804
2229	49675879
2229	2242612
2229	39353017
2229	12309236
2229	328794
2244	17066371
2244	42187695
2244	7827291
2244	63099214
2244	14984940
2244	44569579
2244	32847407
2244	7848702
2244	31101250
2244	55912014
2244	43156044
2244	19592358
2244	1452701
2244	9287864
2244	35409673
2244	10692867
2244	7260275
2244	52951938
2244	49907674
2244	20590820
2448	20913771
2448	48376125
2448	10179334
2448	47380758
2448	32421053
2448	42389177
2448	7665661
2448	3417042
2448	34983006
2448	2249731
2448	358153
2448	1306462
2448	1306473
2448	35472027
2448	17837535
2448	49081840
2448	6823594
2448	40128079
2448	34575163
2448	19137220
2483	8869913
2483	3351748
2483	47444364
2483	61241986
2483	20053096
2483	13319450
2483	7845903
2483	34963026
2483	9317513
2483	58865098
2483	17333088
2483	4723950
2483	33774811
2483	49621739
2483	13319456
2483	4073331
2483	69787909
2483	8988347
2483	37131738
2483	4752265
2758	33734529
2758	6556925
2758	2071765
2758	49652468
2758	43989344
2758	752
2758	20127412
2758	36305899
2758	199145
2758	18985263
2758	19010531
2758	2787344
2758	39292117
2758	2140563
2758	46234172
2758	33276979
2758	36303864
2758	21830760
2758	228936
2758	32104149
2867	66326874
2867	22612452
2867	4142234
2867	66028764
2867	66326871
2867	39238641
2867	32838368
2867	45637145
2867	27444173
2867	391556
2867	11049383
2867	51587957
2867	47262468
2867	63181067
2867	2600291
2867	56075578
2867	33991284
2867	65657080
2867	9811991
2867	22264348
2872	9833634
2872	41703431
2872	41465506
2872	4553946
2872	34377126
2872	38807053
2872	3957665
2872	53020396
2872	41904886
2872	2695055
2872	9438563
2872	67218868
2872	53391714
2872	31749230
2872	53501762
2872	10538682
2872	191466
2872	56738817
2872	45660976
2872	57511711
