187	21296218
187	19278728
187	26589133
187	56296730
187	34120229
187	21296224
187	315927
187	12319895
187	61497503
187	33066340
187	1194886
187	44331442
187	39681327
187	44225499
187	2704720
187	3684625
187	45638234
187	1724617
187	4393502
187	35981916
270	69888919
270	43719
270	13050806
270	27496299
270	3884195
270	56653298
270	19199156
270	27426976
270	6425462
270	23378936
270	1452898
270	51211288
270	34844533
270	51030203
270	40845382
270	946574
270	6723885
270	42235426
270	18934854
270	51542555
359	23675539
359	26378017
359	51250193
359	68662678
359	27665197
359	1856192
359	11576068
359	72035
359	52349431
359	12776876
359	5549672
359	66885059
359	18321461
359	282226
359	35010305
359	13285522
359	38776
359	32289193
359	5802344
359	33895947
365	50794472
365	4269341
365	29075960
365	848348
365	4446807
365	41459343
365	41139172
365	28866920
365	24499534
365	11501230
365	12713983
365	5760249
365	42752580
365	19067219
365	51692185
365	20269926
365	23380704
365	5183398
365	10248979
365	22092
400	11838142
400	23717349
400	45555053
400	60455101
400	9760384
400	1217122
400	62927182
400	1448527
400	1666392
400	55283601
400	650407
400	52819689
400	4466152
400	83045
400	58094046
400	42859003
400	19210357
400	24661041
400	68056110
400	1350983
404	56835749
404	65864417
404	32009749
404	47339682
404	49107323
404	2144199
404	42868401
404	22143922
404	63088864
404	51581949
404	40461658
404	67187509
404	27857931
404	65946227
404	4865153
404	25120942
404	24826354
404	39170396
404	4994396
404	50428492
480	65799903
480	66849722
480	64514667
480	63612268
480	63708087
480	67693224
480	63435931
480	63804580
480	63585221
480	69846606
480	63030231
480	64602072
480	63055098
480	63880659
480	63589782
480	67967179
480	63416817
480	66685966
480	69634019
480	66125058
517	47934959
517	214801
517	68787338
517	2981063
517	481669
517	20596936
517	64412164
517	58484250
517	49655745
517	1875976
517	57634404
517	10005501
517	57442267
517	66274822
517	567284
517	5158812
517	1527095
517	36801352
517	457907
517	1533948
568	45617327
568	773977
568	4559718
568	33636807
568	218211
568	698821
568	49189628
568	25775894
568	1714754
568	59949
568	1364343
568	13023421
568	61544855
568	30597024
568	23747728
568	2190792
568	59838522
568	16083
568	22679738
568	1554121
596	1416046
596	936085
596	619320
596	4133285
596	242001
596	3954
596	5180
596	526214
596	9488196
596	29055775
596	11092324
596	610329
596	577559
596	6896
596	2275867
596	1721496
596	730473
596	4111418
596	43180070
596	13849906
715	6564969
715	3089584
715	4893687
715	42118119
715	856
715	22484758
715	13178218
715	382702
715	772568
715	34449201
715	59703
715	1788
715	436187
715	1003438
715	24259303
715	44211754
715	166826
715	4097647
715	102490
715	12023636
807	18013005
807	16543796
807	42653164
807	41703268
807	34531304
807	53186275
807	1855373
807	17844018
807	1842388
807	2886153
807	64332138
807	9006525
807	16715190
807	256713
807	2206456
807	16217152
807	66460242
807	20760475
807	17843811
807	65899456
834	56285
834	573313
834	28805894
834	60284860
834	63305503
834	25386783
834	8840098
834	55292984
834	44269171
834	21629781
834	49492645
834	55191202
834	58855557
834	27139763
834	18567040
834	51909916
834	18418857
834	36945138
834	513992
834	48424460
881	34570096
881	5319016
881	57387510
881	29066482
881	27318080
881	3344309
881	60992191
881	41862176
881	51582
881	3344269
881	3422770
881	907259
881	40211357
881	15162635
881	616279
881	3344247
881	4530945
881	58892977
881	7704646
881	21366049
883	20263821
883	12821460
883	42702190
883	26042356
883	15225609
883	9510
883	38785398
883	42595602
883	275679
883	2924002
883	1197108
883	275671
883	38883452
883	165981
883	1929614
883	6796768
883	24035809
883	20479947
883	38384402
883	34415471
949	8685505
949	11185
949	41338940
949	21992780
949	52148295
949	40853640
949	65473053
949	1712326
949	51463428
949	54967685
949	44044949
949	45084659
949	22443992
949	46200358
949	875547
949	13433057
949	65821969
949	43167590
949	58064588
949	3880802
951	10781
951	48789314
951	79026
951	69613994
951	26964550
951	56874355
951	549378
951	67500
951	42655989
951	306611
951	13996322
951	7504750
951	4265080
951	2824490
951	63797424
951	56282527
951	58170048
951	33852659
951	3254329
951	26868834
955	47536411
955	14214562
955	28821317
955	957331
955	4316523
955	9750245
955	1133816
955	69443836
955	38278005
955	9726554
955	51411510
955	11760799
955	12714295
955	5551857
955	53783316
955	11133585
955	19908169
955	48846598
955	23766166
955	34749253
995	4699587
995	447810
995	35843159
995	2493928
995	4498383
995	5078115
995	4487837
995	7652711
995	23924014
995	45318006
995	2108090
995	37336511
995	27529871
995	445773
995	308898
995	27275282
995	48870
995	67313346
995	69986847
995	62332
1018	48439033
1018	23976719
1018	10669
1018	1662349
1018	4883511
1018	33992878
1018	10830
1018	57773729
1018	143183
1018	51159000
1018	18951490
1018	56122002
1018	23964910
1018	7220860
1018	25735
1018	6963
1018	62019792
1018	2186657
1018	2378741
1018	10568
1180	61009214
1180	17658703
1180	33119354
1180	17661972
1180	4769493
1180	29088675
1180	42281988
1180	67654548
1180	17824146
1180	18225996
1180	33913807
1180	45541620
1180	3159469
1180	17662723
1180	17662648
1180	17662960
1180	51728181
1180	34885729
1180	28980088
1180	17662107
1233	14790
1233	4275981
1233	17378626
1233	5856737
1233	2225201
1233	35731094
1233	39761336
1233	12935070
1233	51692350
1233	14155555
1233	53371247
1233	10014739
1233	35809702
1233	1328660
1233	35883281
1233	30810868
1233	17323087
1233	62621990
1233	8849364
1233	23156904
1328	82533
1328	67419609
1328	172550
1328	15043
1328	20993536
1328	362226
1328	25009206
1328	53528780
1328	1275053
1328	3375213
1328	8219149
1328	24657403
1328	31533498
1328	624166
1328	14853237
1328	24688923
1328	60393413
1328	25426162
1328	1637809
1328	28266720
1406	48510630
1406	12161197
1406	30247956
1406	323708
1406	35191038
1406	48213049
1406	47198161
1406	44211945
1406	36238164
1406	2768815
1406	2148134
1406	53385677
1406	54047298
1406	44564789
1406	958144
1406	695588
1406	20287316
1406	57241631
1406	36460262
1406	15613
1417	597445
1417	8956358
1417	35441520
1417	17613054
1417	1266567
1417	11906186
1417	49750215
1417	3014330
1417	53814691
1417	32091196
1417	3177392
1417	577309
1417	34062674
1417	33597830
1417	30713555
1417	4936131
1417	57296316
1417	10720030
1417	3055532
1417	63336720
1448	149373
1448	5167754
1448	29392547
1448	39214331
1448	49834169
1448	52096378
1448	43129610
1448	39281919
1448	55206108
1448	2400264
1448	22499764
1448	26714717
1448	65893542
1448	793911
1448	9243178
1448	9123783
1448	65362667
1448	50231486
1448	48983277
1448	26653646
1479	374290
1479	215403
1479	85441
1479	7003018
1479	1701800
1479	5254
1479	13804546
1479	14689511
1479	5947514
1479	700750
1479	77444
1479	80552
1479	8195726
1479	23829805
1479	45604013
1479	1407832
1479	30227165
1479	52632976
1479	21351321
1479	18342
1548	228344
1548	19501
1548	13954016
1548	485429
1548	16746
1548	19525
1548	3376850
1548	65212
1548	3482085
1548	47184306
1548	17098
1548	19028
1548	52018352
1548	30374
1548	1289929
1548	65711325
1548	11726144
1548	3672685
1548	56004751
1548	34396002
1558	18831
1558	8997784
1558	4973465
1558	49403913
1558	33543938
1558	14740035
1558	58833484
1558	1337579
1558	373299
1558	25750436
1558	4230329
1558	1138100
1558	26673495
1558	35818365
1558	5381408
1558	1042164
1558	21653957
1558	63566825
1558	159730
1558	326471
1647	53096893
1647	1460801
1647	1759402
1647	44147035
1647	32898380
1647	194264
1647	53854143
1647	53084433
1647	18210026
1647	41688336
1647	8698952
1647	52804695
1647	458399
1647	6323252
1647	6937859
1647	36317220
1647	20029110
1647	4467378
1647	10128567
1647	3627404
1806	21385
1806	24184059
1806	64965723
1806	21383
1806	63300501
1806	42512141
1806	2194752
1806	20733185
1806	65767595
1806	43938371
1806	11506458
1806	226734
1806	4006721
1806	30166811
1806	31538955
1806	18979830
1806	16279193
1806	19137760
1806	21388
1806	33617617
1821	6389257
1821	505868
1821	9116794
1821	7265907
1821	57474427
1821	6920861
1821	11236984
1821	13767639
1821	58885776
1821	3283535
1821	63179790
1821	3018952
1821	1244143
1821	31557696
1821	9317619
1821	6577002
1821	354214
1821	284967
1821	3556835
1821	1438001
1877	27566
1877	34832619
1877	34246927
1877	28964743
1877	24719017
1877	7325401
1877	31096267
1877	31190237
1877	961522
1877	34651892
1877	20688153
1877	35780188
1877	4330579
1877	33030273
1877	49097573
1877	31019218
1877	31056889
1877	36594870
1877	36665635
1877	63724811
1884	23081957
1884	59659098
1884	23544281
1884	11347039
1884	8560330
1884	36565334
1884	1600199
1884	40923805
1884	275915
1884	8560371
1884	21767594
1884	65746997
1884	40930953
1884	5327436
1884	32016924
1884	3777288
1884	31218723
1884	5228842
1884	6585447
1884	7114160
1890	408186
1890	97325
1890	18325
1890	44654916
1890	1113815
1890	4133752
1890	59624018
1890	2757229
1890	1055483
1890	14120866
1890	30945091
1890	1504343
1890	21509389
1890	51540712
1890	67556518
1890	1088597
1890	44278718
1890	24073766
1890	435576
1890	33995174
2000	22926
2000	1529557
2000	26964199
2000	82172
2000	58048237
2000	25353172
2000	56392330
2000	514075
2000	3885852
2000	60414009
2000	55351251
2000	153433
2000	412032
2000	13857148
2000	743352
2000	343430
2000	751455
2000	1548362
2000	181162
2000	28828
2028	629945
2028	126860
2028	1849942
2028	23637736
2028	50716137
2028	4755830
2028	4770362
2028	42554343
2028	995557
2028	199630
2028	12773500
2028	69373138
2028	24624
2028	3182355
2028	995554
2028	61775069
2028	1564758
2028	172306
2028	11063590
2028	52621755
2106	1679762
2106	51976726
2106	45948
2106	13320842
2106	9125452
2106	146109
2106	516271
2106	52862067
2106	12360794
2106	152310
2106	23587995
2106	4324377
2106	5928921
2106	1509622
2106	152311
2106	16086005
2106	56636148
2106	907989
2106	403668
2106	16742975
2153	9010996
2153	49780696
2153	2053697
2153	31628413
2153	27672
2153	27717240
2153	3004764
2153	243891
2153	850647
2153	23955733
2153	5562272
2153	566371
2153	48302728
2153	8662791
2153	2441004
2153	2216361
2153	11579625
2153	36391242
2153	8660189
2153	5784365
2160	5630993
2160	25009206
2160	29919439
2160	56250426
2160	48951292
2160	6366065
2160	12140216
2160	42649354
2160	2167732
2160	13881039
2160	37768851
2160	42649883
2160	6972665
2160	23090779
2160	1977320
2160	25441172
2160	40468223
2160	8896599
2160	28261561
2160	9482998
2229	26847
2229	38775552
2229	38443580
2229	43473082
2229	15025710
2229	54506295
2229	13992896
2229	472726
2229	30373614
2229	21156505
2229	47246185
2229	59443250
2229	423023
2229	18048
2229	33526804
2229	49675879
2229	2242612
2229	39353017
2229	12309236
2229	328794
2244	17066371
2244	14984940
2244	32847407
2244	42187695
2244	44569579
2244	31101250
2244	7827291
2244	1043541
2244	63099214
2244	43156044
2244	55912014
2244	49907674
2244	43155453
2244	19592358
2244	52951938
2244	9287864
2244	40242261
2244	43155848
2244	7848702
2244	41095562
2448	19137220
2448	2249731
2448	49081840
2448	26913631
2448	57973057
2448	2140799
2448	27424282
2448	34575163
2448	21789419
2448	1306473
2448	12576473
2448	42389177
2448	67761230
2448	8251319
2448	16614200
2448	16595333
2448	5880400
2448	39240759
2448	32421053
2448	6958722
2483	3351748
2483	4073331
2483	8988347
2483	10397273
2483	7056522
2483	978504
2483	21405138
2483	963515
2483	4800977
2483	4727723
2483	26256228
2483	546017
2483	13904266
2483	3075523
2483	65311177
2483	321606
2483	39827689
2483	7482609
2483	9889179
2483	9993503
2758	33734529
2758	6556925
2758	240072
2758	2071765
2758	752
2758	60809423
2758	20127412
2758	59599890
2758	18985263
2758	32104149
2758	19010531
2758	46234172
2758	212222
2758	33276979
2758	67690364
2758	36303864
2758	141330
2758	43829091
2758	1087755
2758	34410979
2867	66326874
2867	180270
2867	66326871
2867	47736220
2867	391556
2867	8946043
2867	58971803
2867	27444173
2867	47262468
2867	2746457
2867	33991284
2867	44086487
2867	4142234
2867	2919086
2867	50259143
2867	904537
2867	56075578
2867	4996942
2867	9811991
2867	25070133
2872	41904886
2872	3957390
2872	9833634
2872	32693591
2872	37123790
2872	12675616
2872	57511711
2872	34377126
2872	29208685
2872	50855518
2872	57474574
2872	43331095
2872	24349431
2872	41703431
2872	57936499
2872	35911312
2872	33142196
2872	36334822
2872	15428689
2872	34236639
