187	21296218
187	3684625
187	315927
187	2704720
187	19278728
187	9630158
187	39681327
187	26589133
187	4393502
187	56296730
187	1201591
187	61622
187	34120229
187	58998173
187	21296224
187	2336903
187	6386814
187	62332908
187	12319895
187	4304957
270	43719
270	69888919
270	28723551
270	27496299
270	6425462
270	43719
270	5789049
270	23378936
270	42235426
270	51030203
270	40845382
270	13056502
270	18934854
270	66715
270	23802396
270	47750625
270	56421195
270	23657622
270	23632328
270	2181526
359	23675539
359	26378017
359	27665197
359	47137639
359	11576068
359	1856192
359	72035
359	68662678
359	47319284
359	5549672
359	56102434
359	282226
359	38776
359	12776876
359	5802344
359	66885059
359	50335074
359	2645513
359	51250193
359	967743
365	50794472
365	29075960
365	848348
365	29148292
365	3921
365	22359
365	4269341
365	15419697
365	41139172
365	17625262
365	4446807
365	55395086
365	15417898
365	1643014
365	768856
365	23676858
365	20269926
365	10248979
365	27467033
365	5183398
400	21144027
400	9760384
400	56397706
400	1217122
400	69450950
400	58094046
400	19881366
400	21549727
400	194373
400	26995095
400	1448527
400	12861352
400	63274551
400	40541089
400	17622782
400	4466152
400	1527442
400	10456354
400	2596994
400	40003529
404	22143922
404	49107323
404	56835749
404	65864417
404	67187509
404	42985982
404	42868401
404	47339682
404	25120942
404	27857931
404	21057042
404	51581949
404	4994396
404	60222109
404	462298
404	40461658
404	6132745
404	19217475
404	59982219
404	16765005
480	27413422
480	65799903
480	42062980
480	11633515
480	51391
480	63708087
480	32513754
480	63435931
480	20296505
480	63030231
480	41368323
480	10374056
480	6376844
480	63055098
480	23380570
480	67967179
480	48558916
480	33350896
480	66849722
480	2500548
517	47934959
517	214801
517	68787338
517	2981063
517	481669
517	20596936
517	64412164
517	58484250
517	49655745
517	1875976
517	57634404
517	10005501
517	57442267
517	66274822
517	567284
517	5158812
517	1527095
517	36801352
517	457907
517	1533948
568	45617327
568	6793720
568	773977
568	4559718
568	218211
568	49189628
568	25775894
568	62965015
568	59949
568	1364343
568	1714754
568	61544855
568	30597024
568	17741875
568	2190792
568	59838522
568	22679738
568	13099345
568	3102972
568	61144671
596	4129579
596	11092324
596	52398274
596	4133285
596	30929442
596	57783194
596	5180
596	13849906
596	220046
596	47616558
596	24568072
596	4111418
596	242001
596	18761076
596	57999718
596	6896
596	9488196
596	34305838
596	66315
596	13922892
715	24259303
715	6564969
715	42118119
715	59361951
715	13178218
715	4893687
715	44211754
715	22484758
715	856
715	23173294
715	50674372
715	3089584
715	55696891
715	12023636
715	772568
715	41198757
715	10578039
715	1788
715	8761347
715	34449201
807	7714987
807	18013005
807	16543796
807	29224970
807	42653164
807	67742186
807	41703268
807	53186275
807	17844018
807	2886153
807	64332138
807	34531304
807	24065025
807	9006525
807	16715190
807	16217152
807	39414596
807	8649081
807	17843811
807	65899456
834	44269171
834	56285
834	573313
834	67111342
834	57127165
834	28805894
834	60284860
834	48611021
834	55499679
834	21325518
834	44311024
834	55751235
834	25386783
834	8840098
834	21629781
834	55191202
834	58855557
834	27139763
834	18567040
834	51909916
881	25801950
881	41089704
881	51582
881	57387510
881	16079566
881	34570096
881	616279
881	27318080
881	67141950
881	46795563
881	5241465
881	31675960
881	12421217
881	46795463
881	60323417
881	614836
881	15162635
881	44429057
881	1360939
881	21366049
883	12821460
883	9510
883	20263821
883	2924002
883	165981
883	181431
883	38384402
883	9960008
883	15225609
883	8860626
883	61553293
883	2305470
883	50725563
883	87606
883	5625754
883	3728377
883	29715451
883	55461109
883	1213168
883	275679
949	8685505
949	11185
949	41338940
949	21992780
949	52148295
949	40853640
949	65473053
949	1712326
949	51463428
949	54967685
949	44044949
949	45084659
949	22443992
949	46200358
949	875547
949	13433057
949	65821969
949	43167590
949	58064588
949	3880802
951	9295770
951	6140857
951	44122888
951	57867432
951	26868834
951	7290107
951	27980681
951	43086561
951	26944509
951	64010968
951	132821
951	37005714
951	10030620
951	8747532
951	4265080
951	46914262
951	69613994
951	24822703
951	4351435
951	21825084
955	74968
955	27002888
955	50266077
955	151807
955	62595930
955	19077633
955	50008069
955	8543798
955	29470561
955	6041305
955	3878392
955	9687413
955	8611948
955	9215946
955	5035585
955	16116147
955	3459253
955	5706143
955	74928
955	285923
995	4699587
995	23924014
995	35843159
995	67313346
995	447810
995	27529871
995	45318006
995	2493928
995	27275282
995	37336511
995	69986847
995	4498383
995	28830841
995	42070705
995	5078115
995	12604740
995	49980572
995	67320680
995	4487837
995	22033656
1018	48439033
1018	23976719
1018	28723551
1018	10669
1018	1662349
1018	16734422
1018	4883511
1018	31874121
1018	993015
1018	33992878
1018	10830
1018	32228242
1018	143183
1018	51159000
1018	923910
1018	18951490
1018	56122002
1018	36313007
1018	7220860
1018	61950923
1180	61009214
1180	17658703
1180	33119354
1180	17661972
1180	4769493
1180	29088675
1180	42281988
1180	67654548
1180	17824146
1180	18225996
1180	33913807
1180	45541620
1180	3159469
1180	17662723
1180	17662648
1180	17662960
1180	51728181
1180	34885729
1180	28980088
1180	17662107
1233	9386580
1233	14790
1233	5856737
1233	8082232
1233	9869631
1233	17378626
1233	4366321
1233	10014739
1233	4275981
1233	567915
1233	1313021
1233	21956202
1233	19076840
1233	35731094
1233	45466047
1233	39761336
1233	723885
1233	62513719
1233	2210161
1233	51692174
1328	33853886
1328	82533
1328	50141919
1328	67419609
1328	11431827
1328	172550
1328	22991838
1328	35305141
1328	362226
1328	28705056
1328	53528780
1328	20879276
1328	3375213
1328	37291851
1328	24657403
1328	4361682
1328	31340283
1328	67528275
1328	43517668
1328	8219149
1406	48510630
1406	15613
1406	1693246
1406	12161197
1406	30247956
1406	35191038
1406	54652123
1406	48213049
1406	47198161
1406	40580108
1406	59868567
1406	44211945
1406	2768815
1406	28362575
1406	54047298
1406	63830497
1406	44564789
1406	958144
1406	20287316
1406	25972117
1417	15928
1417	597445
1417	33757107
1417	60157886
1417	8150800
1417	2405976
1417	28970227
1417	8255569
1417	8956358
1417	9843827
1417	35441520
1417	35694432
1417	17613054
1417	743567
1417	1772690
1417	10574314
1417	29332054
1417	739680
1417	44167045
1417	25978090
1448	39214331
1448	65362667
1448	3255815
1448	18137585
1448	2742213
1448	2468003
1448	149373
1448	48789314
1448	46450106
1448	2052465
1448	67028500
1448	38203850
1448	55206108
1448	2218315
1448	40857917
1448	46812806
1448	16425950
1448	57588936
1448	61604913
1448	63327457
1479	894300
1479	5254
1479	66108446
1479	2271900
1479	215403
1479	8195726
1479	10091
1479	18949668
1479	9396843
1479	700750
1479	743972
1479	1407832
1479	18657
1479	85441
1479	1082450
1479	534412
1479	5222720
1479	1311923
1479	1175121
1479	39216602
1548	13954016
1548	20631644
1548	19501
1548	485429
1548	2507430
1548	3376850
1548	605431
1548	10460760
1548	30861578
1548	16746
1548	34396002
1548	3482085
1548	56004751
1548	32279080
1548	19028
1548	30987379
1548	29438604
1548	157498
1548	30655224
1548	11726144
1558	18831
1558	14220
1558	19636
1558	26673495
1558	173416
1558	326471
1558	373299
1558	279293
1558	1042164
1558	567826
1558	8997784
1558	1524543
1558	33543938
1558	1503369
1558	457210
1558	214737
1558	25750436
1558	730473
1558	696794
1558	159730
1647	1759402
1647	1460801
1647	8698952
1647	6772438
1647	8269176
1647	6937859
1647	18706030
1647	4467378
1647	60681385
1647	58746714
1647	27964683
1647	20029110
1647	9543226
1647	56348803
1647	33375331
1647	52829941
1647	12584334
1647	3627404
1647	18591791
1647	38416963
1806	24184059
1806	66272249
1806	42512141
1806	21385
1806	20733185
1806	64591380
1806	43938371
1806	11506458
1806	58855410
1806	21383
1806	51416439
1806	30166811
1806	56101016
1806	50406616
1806	16279193
1806	61281829
1806	2194752
1806	47865520
1806	19137760
1806	60896083
1821	57474427
1821	16703828
1821	11236984
1821	6389257
1821	505868
1821	54745132
1821	342846
1821	2737608
1821	46879960
1821	2890417
1821	51005626
1821	9116794
1821	4516020
1821	3514449
1821	651796
1821	39808671
1821	18456436
1821	40699433
1821	45453422
1821	31557696
1877	34832586
1877	27566
1877	35937111
1877	34832619
1877	24719017
1877	51488846
1877	921214
1877	31190237
1877	36662659
1877	2176142
1877	921231
1877	19312759
1877	35780180
1877	33455043
1877	16590486
1877	35780188
1877	31019218
1877	84727
1877	31056889
1877	63724811
1884	23081957
1884	8560330
1884	59659098
1884	1600199
1884	36565334
1884	8560371
1884	21767594
1884	46565246
1884	65746997
1884	5327436
1884	18766288
1884	5228842
1884	3777288
1884	6585447
1884	51614042
1884	6089669
1884	45634969
1884	7093997
1884	51329870
1884	11347039
1890	408186
1890	97325
1890	18325
1890	44654916
1890	1113815
1890	4133752
1890	59624018
1890	2757229
1890	1055483
1890	14120866
1890	30945091
1890	1504343
1890	21509389
1890	51540712
1890	67556518
1890	1088597
1890	44278718
1890	24073766
1890	435576
1890	33995174
2000	27428734
2000	514075
2000	412032
2000	58048237
2000	22926
2000	1201454
2000	455919
2000	13689557
2000	60414009
2000	1010427
2000	63665392
2000	153433
2000	1551274
2000	6585439
2000	214201
2000	886680
2000	29108146
2000	3885852
2000	1011345
2000	25353172
2028	13448416
2028	23637736
2028	69373138
2028	6180884
2028	59120831
2028	24624
2028	995554
2028	548696
2028	4439963
2028	995557
2028	1564758
2028	4359973
2028	6220317
2028	40416291
2028	2787256
2028	4770362
2028	6246114
2028	42554343
2028	88290
2028	37703760
2106	1679762
2106	45948
2106	152310
2106	51976726
2106	13320842
2106	9125452
2106	12360794
2106	146109
2106	152311
2106	52862067
2106	516271
2106	1509622
2106	4324377
2106	907989
2106	5928921
2106	56636148
2106	254060
2106	23587995
2106	61735151
2106	180968
2153	850647
2153	5562272
2153	8662791
2153	8660189
2153	27717240
2153	8570363
2153	8566367
2153	11579625
2153	8133222
2153	8566951
2153	1806946
2153	215015
2153	8569635
2153	8569913
2153	605660
2153	5053040
2153	8570569
2153	1322799
2153	3004764
2153	566371
2160	48951292
2160	5630993
2160	1977320
2160	6972665
2160	234339
2160	34644241
2160	331693
2160	40468223
2160	47456671
2160	42649354
2160	419631
2160	471603
2160	3795151
2160	42649883
2160	57266418
2160	49336830
2160	4875399
2160	8896599
2160	22222318
2160	6789514
2229	26847
2229	15025710
2229	30373614
2229	43473082
2229	59443250
2229	423023
2229	13992896
2229	38443580
2229	12309236
2229	683076
2229	49675879
2229	38775552
2229	33526804
2229	53874762
2229	472726
2229	328794
2229	18704434
2229	4135537
2229	37578255
2229	38860786
2244	68896842
2244	60841300
2244	54368899
2244	7364118
2244	42187695
2244	670670
2244	48324759
2244	62308599
2244	58711657
2244	31101250
2244	26551514
2244	49907674
2244	7848702
2244	523101
2244	17066371
2244	2113590
2244	51252681
2244	58432530
2244	41281024
2244	64096046
2448	19137220
2448	2249731
2448	49081840
2448	26913631
2448	57973057
2448	2140799
2448	27424282
2448	34575163
2448	21789419
2448	1306473
2448	12576473
2448	42389177
2448	67761230
2448	8251319
2448	16614200
2448	16595333
2448	5880400
2448	39240759
2448	32421053
2448	6958722
2483	3351748
2483	7845903
2483	8869913
2483	47444364
2483	4723950
2483	61241986
2483	20053096
2483	13319450
2483	6484240
2483	34963026
2483	4073331
2483	58865098
2483	9317513
2483	17333088
2483	4752265
2483	18770147
2483	33774811
2483	13319456
2483	8988347
2483	3784959
2758	20127412
2758	33734529
2758	36305899
2758	67499331
2758	19010531
2758	6556925
2758	46234172
2758	33276979
2758	2071765
2758	60770015
2758	21830760
2758	752
2758	36303864
2758	32104149
2758	57503665
2758	199145
2758	34410979
2758	19797750
2758	18985263
2758	55487546
2867	66326874
2867	11049383
2867	22612452
2867	22264348
2867	53713459
2867	66326871
2867	65549254
2867	39238641
2867	1995635
2867	391556
2867	60319701
2867	27444173
2867	51587957
2867	47262468
2867	44086487
2867	63181067
2867	25443870
2867	33991284
2867	25660174
2867	4142234
2872	34377126
2872	41703431
2872	3957665
2872	41904886
2872	4553946
2872	31749230
2872	191466
2872	3957390
2872	37083592
2872	32693591
2872	37123790
2872	11502551
2872	265901
2872	47413842
2872	45660976
2872	2727091
2872	53391714
2872	31769841
2872	12675616
2872	67777515
