187	21296218
187	19278728
187	26589133
187	56296730
187	34120229
187	21296224
187	315927
187	12319895
187	61497503
187	33066340
187	1194886
187	44331442
187	39681327
187	44225499
187	2704720
187	3684625
187	45638234
187	1724617
187	4393502
187	35981916
270	6425462
270	23378936
270	42235426
270	18934854
270	69888919
270	50304989
270	27496299
270	19199156
270	3884195
270	14287446
270	55074800
270	34844533
270	27080292
270	56421195
270	56653298
270	19136808
270	36583540
270	25332399
270	36816808
270	13050806
359	27665197
359	68662678
359	12776876
359	5802344
359	26378017
359	2645513
359	32289193
359	6599247
359	35010305
359	72035
359	1330241
359	842859
359	282226
359	770037
359	27100757
359	8879273
359	1855492
359	634924
359	34967853
359	4749875
365	50794472
365	4269341
365	29075960
365	848348
365	4446807
365	41459343
365	41139172
365	28866920
365	24499534
365	11501230
365	12713983
365	5760249
365	42752580
365	19067219
365	51692185
365	20269926
365	23380704
365	5183398
365	10248979
365	22092
400	9760384
400	58094046
400	10275800
400	194373
400	4633395
400	2687106
400	12861352
400	58892508
400	40541089
400	54337868
400	40003529
400	52877823
400	25120942
400	5602683
400	50760497
400	4580374
400	53332661
400	55675076
400	4438249
400	65759077
404	56835749
404	47339682
404	22143922
404	4994396
404	60222109
404	27857931
404	17109645
404	11415129
404	40862712
404	19217475
404	60095143
404	39464471
404	41389299
404	69410169
404	31933541
404	24253680
404	50788627
404	6132745
404	15697885
404	19096093
480	63708087
480	63435931
480	63030231
480	63055098
480	67967179
480	66849722
480	69634019
480	62750956
480	63612268
480	67693224
480	69846606
480	63536836
480	63183247
480	63906007
480	64514667
480	2864091
480	63319438
480	63804580
480	64532400
480	63484502
517	47934959
517	214801
517	68787338
517	2981063
517	481669
517	20596936
517	64412164
517	58484250
517	49655745
517	1875976
517	57634404
517	10005501
517	57442267
517	66274822
517	567284
517	5158812
517	1527095
517	36801352
517	457907
517	1533948
568	45617327
568	773977
568	4559718
568	33636807
568	218211
568	698821
568	49189628
568	25775894
568	1714754
568	59949
568	1364343
568	13023421
568	61544855
568	30597024
568	23747728
568	2190792
568	59838522
568	16083
568	22679738
568	1554121
596	4129579
596	242001
596	220046
596	11092324
596	4133285
596	6896
596	5180
596	13849906
596	66315
596	23635
596	4111418
596	7888444
596	9488196
596	57999718
596	30929442
596	52398274
596	3723978
596	936085
596	4963419
596	47616558
715	24259303
715	6564969
715	42118119
715	59361951
715	13178218
715	4893687
715	44211754
715	22484758
715	856
715	23173294
715	50674372
715	3089584
715	55696891
715	12023636
715	772568
715	41198757
715	10578039
715	1788
715	8761347
715	34449201
807	42653164
807	64332138
807	2987511
807	28650532
807	875585
807	9006525
807	35054346
807	52745312
807	16943988
807	24998598
807	3597551
807	19908602
807	45698342
807	9899205
807	854316
807	2280213
807	2619840
807	6157170
807	18152985
807	25062692
834	56285
834	28805894
834	44269171
834	67111342
834	573313
834	21325518
834	48611021
834	18567040
834	25386783
834	57127165
834	513992
834	51909916
834	8840098
834	581401
834	21629781
834	36945138
834	60284860
834	436022
834	27139763
834	52124303
881	34570096
881	5319016
881	57387510
881	29066482
881	27318080
881	3344309
881	60992191
881	41862176
881	51582
881	3344269
881	3422770
881	907259
881	40211357
881	15162635
881	616279
881	3344247
881	4530945
881	58892977
881	7704646
881	21366049
883	12821460
883	9510
883	20263821
883	165981
883	2924002
883	9960008
883	147707
883	15225609
883	31568852
883	1747471
883	8860626
883	2305470
883	87606
883	3922387
883	55461109
883	1960927
883	275679
883	53241280
883	275671
883	16282240
949	43167590
949	3775861
949	11185
949	5686076
949	790968
949	51522942
949	1712326
949	1070171
949	632922
949	44044949
949	37251246
949	39315095
949	21106462
949	22443992
949	43682202
949	52512463
949	48260469
949	13433057
949	49156677
949	31167437
951	6140857
951	26868834
951	7290107
951	339986
951	9295770
951	27980681
951	10030620
951	29436591
951	57867432
951	26944509
951	4265080
951	37005714
951	44122888
951	132821
951	49545897
951	64010968
951	53913583
951	25800084
951	24822703
951	4351435
955	74968
955	27002888
955	50266077
955	151807
955	62595930
955	19077633
955	50008069
955	8543798
955	29470561
955	6041305
955	3878392
955	9687413
955	8611948
955	9215946
955	5035585
955	16116147
955	3459253
955	5706143
955	74928
955	285923
995	5078115
995	4487837
995	45318006
995	324108
995	4487760
995	447810
995	49980572
995	38409485
995	5340299
995	2493928
995	42939942
995	245392
995	397498
995	49373685
995	4477142
995	31097880
995	7652711
995	4486490
995	3082693
995	4481862
1018	48439033
1018	23976719
1018	28723551
1018	10669
1018	1662349
1018	16734422
1018	4883511
1018	31874121
1018	993015
1018	33992878
1018	10830
1018	32228242
1018	143183
1018	51159000
1018	923910
1018	18951490
1018	56122002
1018	36313007
1018	7220860
1018	61950923
1180	59584452
1180	33119354
1180	61016924
1180	60536009
1180	2664075
1180	61009214
1180	25724776
1180	445913
1180	3189597
1180	49881992
1180	14423
1180	49626494
1180	3199258
1180	10789112
1180	34885729
1180	17658703
1180	10404836
1180	506886
1180	32090575
1180	638263
1233	14790
1233	17378626
1233	4275981
1233	5856737
1233	35731094
1233	54878097
1233	39761336
1233	51692174
1233	51692350
1233	11520018
1233	10014739
1233	1328660
1233	17323087
1233	62621990
1233	26800561
1233	9869631
1233	4873754
1233	567927
1233	2225201
1233	55582066
1328	82533
1328	67419609
1328	172550
1328	15043
1328	20993536
1328	362226
1328	25009206
1328	53528780
1328	1275053
1328	3375213
1328	8219149
1328	24657403
1328	31533498
1328	624166
1328	14853237
1328	24688923
1328	60393413
1328	25426162
1328	1637809
1328	28266720
1406	15613
1406	1693246
1406	763701
1406	310911
1406	44211945
1406	12161197
1406	30247956
1406	35633423
1406	44564789
1406	45620037
1406	53581566
1406	9306767
1406	29766752
1406	59868567
1406	264041
1406	66504112
1406	61263144
1406	28362575
1406	52767908
1406	25972117
1417	22112840
1417	768788
1417	15928
1417	8419511
1417	597445
1417	8150800
1417	10574314
1417	177181
1417	20561307
1417	1772690
1417	498635
1417	739680
1417	1550016
1417	8956358
1417	3685355
1417	38300716
1417	730473
1417	11906186
1417	317947
1417	49750215
1448	149373
1448	5167754
1448	29392547
1448	39214331
1448	49834169
1448	52096378
1448	43129610
1448	39281919
1448	55206108
1448	2400264
1448	22499764
1448	26714717
1448	65893542
1448	793911
1448	9243178
1448	9123783
1448	65362667
1448	50231486
1448	48983277
1448	26653646
1479	894300
1479	5254
1479	66108446
1479	2271900
1479	215403
1479	8195726
1479	10091
1479	18949668
1479	9396843
1479	700750
1479	743972
1479	1407832
1479	18657
1479	85441
1479	1082450
1479	534412
1479	5222720
1479	1311923
1479	1175121
1479	39216602
1548	228344
1548	19501
1548	13954016
1548	485429
1548	16746
1548	19525
1548	3376850
1548	65212
1548	3482085
1548	47184306
1548	17098
1548	19028
1548	52018352
1548	30374
1548	1289929
1548	65711325
1548	11726144
1548	3672685
1548	56004751
1548	34396002
1558	18831
1558	8997784
1558	4973465
1558	49403913
1558	33543938
1558	14740035
1558	58833484
1558	1337579
1558	373299
1558	25750436
1558	4230329
1558	1138100
1558	26673495
1558	35818365
1558	5381408
1558	1042164
1558	21653957
1558	63566825
1558	159730
1558	326471
1647	61037951
1647	17046267
1647	3923951
1647	63938023
1647	458399
1647	52955902
1647	1759402
1647	5215751
1647	9306991
1647	65897976
1647	1399702
1647	194264
1647	38149833
1647	595565
1647	52646797
1647	42888334
1647	41688336
1647	355632
1647	4274137
1647	62844619
1806	42512141
1806	11506458
1806	16279193
1806	24184059
1806	3235135
1806	22062145
1806	20733185
1806	37066164
1806	46794441
1806	8399106
1806	57618624
1806	30166811
1806	61675726
1806	59968472
1806	57110182
1806	51415330
1806	23190776
1806	8000834
1806	17099208
1806	6219865
1821	57474427
1821	16703828
1821	11236984
1821	6389257
1821	505868
1821	54745132
1821	342846
1821	2737608
1821	46879960
1821	2890417
1821	51005626
1821	9116794
1821	4516020
1821	3514449
1821	651796
1821	39808671
1821	18456436
1821	40699433
1821	45453422
1821	31557696
1877	34832586
1877	27566
1877	35937111
1877	34832619
1877	24719017
1877	51488846
1877	921214
1877	31190237
1877	36662659
1877	2176142
1877	921231
1877	19312759
1877	35780180
1877	33455043
1877	16590486
1877	35780188
1877	31019218
1877	84727
1877	31056889
1877	63724811
1884	23081957
1884	59659098
1884	23544281
1884	11347039
1884	8560330
1884	36565334
1884	1600199
1884	40923805
1884	275915
1884	8560371
1884	21767594
1884	65746997
1884	40930953
1884	5327436
1884	32016924
1884	3777288
1884	31218723
1884	5228842
1884	6585447
1884	7114160
1890	408186
1890	97325
1890	18325
1890	1113815
1890	14120866
1890	59624018
1890	37062
1890	65629090
1890	2757229
1890	30945091
1890	34379546
1890	25602832
1890	21509389
1890	1088597
1890	24073766
1890	20903489
1890	40326647
1890	11436276
1890	19114259
1890	541048
2000	27428734
2000	58048237
2000	6585439
2000	455919
2000	412032
2000	751455
2000	3885852
2000	1201454
2000	153433
2000	846283
2000	4620457
2000	23278182
2000	3811800
2000	1010427
2000	6417897
2000	886680
2000	1498802
2000	13945642
2000	214201
2000	2064265
2028	13448416
2028	69373138
2028	33298284
2028	23637736
2028	995554
2028	126860
2028	147707
2028	59120831
2028	24624
2028	4359973
2028	40416291
2028	165981
2028	4770362
2028	2787256
2028	31731716
2028	50716137
2028	3345668
2028	37703760
2028	1846263
2028	40011958
2106	1679762
2106	51976726
2106	45948
2106	13320842
2106	9125452
2106	146109
2106	516271
2106	52862067
2106	12360794
2106	152310
2106	23587995
2106	4324377
2106	5928921
2106	1509622
2106	152311
2106	16086005
2106	56636148
2106	907989
2106	403668
2106	16742975
2153	67782
2153	27672
2153	42968330
2153	58662616
2153	27717240
2153	3607388
2153	11579625
2153	5515578
2153	9010996
2153	35861147
2153	32619343
2153	850647
2153	2216361
2153	46853846
2153	8662791
2153	182975
2153	232182
2153	951957
2153	41420292
2153	18403421
2160	41018063
2160	471603
2160	18998741
2160	40048386
2160	467367
2160	234954
2160	23913718
2160	1452366
2160	17593881
2160	25058
2160	674507
2160	5630993
2160	465584
2160	41359234
2160	43355
2160	28022
2160	40468223
2160	610624
2160	24959347
2160	3980824
2229	26847
2229	38775552
2229	38443580
2229	43473082
2229	15025710
2229	54506295
2229	13992896
2229	472726
2229	30373614
2229	21156505
2229	47246185
2229	59443250
2229	423023
2229	18048
2229	33526804
2229	49675879
2229	2242612
2229	39353017
2229	12309236
2229	328794
2244	68896842
2244	60841300
2244	54368899
2244	7364118
2244	42187695
2244	670670
2244	48324759
2244	62308599
2244	58711657
2244	31101250
2244	26551514
2244	49907674
2244	7848702
2244	523101
2244	17066371
2244	2113590
2244	51252681
2244	58432530
2244	41281024
2244	64096046
2448	19137220
2448	2249731
2448	49081840
2448	26913631
2448	57973057
2448	2140799
2448	27424282
2448	34575163
2448	21789419
2448	1306473
2448	12576473
2448	42389177
2448	67761230
2448	8251319
2448	16614200
2448	16595333
2448	5880400
2448	39240759
2448	32421053
2448	6958722
2483	7845903
2483	43676372
2483	3351748
2483	61241986
2483	20760475
2483	13319450
2483	34963026
2483	12994459
2483	1483207
2483	13319456
2483	20900593
2483	9029751
2483	37131738
2483	32440340
2483	8869913
2483	7075890
2483	551336
2483	7433190
2483	26987737
2483	20761754
2758	752
2758	33734529
2758	6556925
2758	18985263
2758	36305899
2758	2071765
2758	21830760
2758	32104149
2758	2787344
2758	20127412
2758	19797750
2758	10174941
2758	5139914
2758	199145
2758	49825514
2758	1087755
2758	19010531
2758	30635565
2758	8003162
2758	34410979
2867	52395694
2867	190178
2867	53665518
2867	47210395
2867	63181067
2867	33991284
2867	45482361
2867	46418619
2867	58208079
2867	14457458
2867	5990791
2867	36115675
2867	40848817
2867	391556
2867	39238641
2867	8500280
2867	27444173
2867	65657080
2867	51875354
2867	58001442
2872	34377126
2872	53391714
2872	31749230
2872	3957665
2872	41703431
2872	67777515
2872	9833634
2872	41904886
2872	59397499
2872	9438563
2872	37083592
2872	4553946
2872	57511711
2872	37123790
2872	32693591
2872	61417796
2872	47413842
2872	11502551
2872	53265500
2872	191466
