187	26589133
187	21296218
187	44331442
187	34120229
187	56296730
187	19278728
187	39681327
187	12319895
187	21296224
187	33066340
187	315927
187	44225499
187	32403779
187	69391314
187	1194886
187	9630158
187	35981916
187	2704720
187	30653780
187	3684625
270	6425462
270	23378936
270	42235426
270	18934854
270	69888919
270	50304989
270	27496299
270	19199156
270	3884195
270	14287446
270	55074800
270	34844533
270	27080292
270	56421195
270	56653298
270	19136808
270	36583540
270	25332399
270	36816808
270	13050806
359	23675539
359	26378017
359	51250193
359	68662678
359	27665197
359	1856192
359	11576068
359	72035
359	52349431
359	12776876
359	5549672
359	66885059
359	18321461
359	282226
359	35010305
359	13285522
359	38776
359	32289193
359	5802344
359	33895947
365	50794472
365	4269341
365	29075960
365	848348
365	4446807
365	41459343
365	41139172
365	28866920
365	24499534
365	11501230
365	12713983
365	5760249
365	42752580
365	19067219
365	51692185
365	20269926
365	23380704
365	5183398
365	10248979
365	22092
400	9760384
400	58094046
400	10275800
400	194373
400	4633395
400	2687106
400	12861352
400	58892508
400	40541089
400	54337868
400	40003529
400	52877823
400	25120942
400	5602683
400	50760497
400	4580374
400	53332661
400	55675076
400	4438249
400	65759077
404	56835749
404	47339682
404	22143922
404	4994396
404	60222109
404	27857931
404	17109645
404	11415129
404	40862712
404	19217475
404	60095143
404	39464471
404	41389299
404	69410169
404	31933541
404	24253680
404	50788627
404	6132745
404	15697885
404	19096093
480	63708087
480	63435931
480	63030231
480	63055098
480	67967179
480	66849722
480	69634019
480	62750956
480	63612268
480	67693224
480	69846606
480	63536836
480	63183247
480	63906007
480	64514667
480	2864091
480	63319438
480	63804580
480	64532400
480	63484502
517	20596936
517	214801
517	47934959
517	68787338
517	10005501
517	481669
517	9161315
517	49655745
517	1875976
517	58484250
517	61938488
517	567284
517	17928575
517	36801352
517	5158812
517	57442267
517	29546764
517	457907
517	49242921
517	10360985
568	773977
568	49189628
568	59838522
568	6793720
568	3102972
568	22679738
568	3223411
568	4588717
568	32062510
568	1161559
568	16836322
568	7425846
568	842232
568	23747728
568	615233
568	5931351
568	35610028
568	36443197
568	63159914
568	20108376
596	4129579
596	242001
596	220046
596	11092324
596	4133285
596	6896
596	5180
596	13849906
596	66315
596	23635
596	4111418
596	7888444
596	9488196
596	57999718
596	30929442
596	52398274
596	3723978
596	936085
596	4963419
596	47616558
715	6564969
715	3089584
715	4893687
715	42118119
715	856
715	22484758
715	13178218
715	382702
715	772568
715	34449201
715	59703
715	1788
715	436187
715	1003438
715	24259303
715	44211754
715	166826
715	4097647
715	102490
715	12023636
807	7714987
807	18013005
807	16543796
807	29224970
807	42653164
807	67742186
807	41703268
807	53186275
807	17844018
807	2886153
807	64332138
807	34531304
807	24065025
807	9006525
807	16715190
807	16217152
807	39414596
807	8649081
807	17843811
807	65899456
834	56285
834	28805894
834	44269171
834	67111342
834	573313
834	21325518
834	48611021
834	18567040
834	25386783
834	57127165
834	513992
834	51909916
834	8840098
834	581401
834	21629781
834	36945138
834	60284860
834	436022
834	27139763
834	52124303
881	34570096
881	5319016
881	57387510
881	29066482
881	27318080
881	3344309
881	60992191
881	41862176
881	51582
881	3344269
881	3422770
881	907259
881	40211357
881	15162635
881	616279
881	3344247
881	4530945
881	58892977
881	7704646
881	21366049
883	12821460
883	9510
883	20263821
883	2924002
883	165981
883	181431
883	38384402
883	9960008
883	15225609
883	8860626
883	61553293
883	2305470
883	50725563
883	87606
883	5625754
883	3728377
883	29715451
883	55461109
883	1213168
883	275679
949	43167590
949	3775861
949	11185
949	5686076
949	790968
949	51522942
949	1712326
949	1070171
949	632922
949	44044949
949	37251246
949	39315095
949	21106462
949	22443992
949	43682202
949	52512463
949	48260469
949	13433057
949	49156677
949	31167437
951	6140857
951	7290107
951	132821
951	2457622
951	28923219
951	9710254
951	2396086
951	6139032
951	26944509
951	8930387
951	27329378
951	5343636
951	2423557
951	48074331
951	16396275
951	11450984
951	35797683
951	1523780
951	3461974
951	20398146
955	47536411
955	14214562
955	28821317
955	957331
955	4316523
955	9750245
955	1133816
955	69443836
955	38278005
955	9726554
955	51411510
955	11760799
955	12714295
955	5551857
955	53783316
955	11133585
955	19908169
955	48846598
955	23766166
955	34749253
995	5078115
995	4487837
995	45318006
995	324108
995	4487760
995	447810
995	49980572
995	38409485
995	5340299
995	2493928
995	42939942
995	245392
995	397498
995	49373685
995	4477142
995	31097880
995	7652711
995	4486490
995	3082693
995	4481862
1018	48439033
1018	23976719
1018	28723551
1018	10669
1018	1662349
1018	16734422
1018	4883511
1018	31874121
1018	993015
1018	33992878
1018	10830
1018	32228242
1018	143183
1018	51159000
1018	923910
1018	18951490
1018	56122002
1018	36313007
1018	7220860
1018	61950923
1180	61016924
1180	22759519
1180	2651035
1180	59584452
1180	506886
1180	11677875
1180	6427687
1180	61009214
1180	402356
1180	1023831
1180	3085613
1180	3189597
1180	33913807
1180	31486
1180	18225996
1180	14423
1180	34885729
1180	7758482
1180	44244059
1180	52502231
1233	14790
1233	17378626
1233	4275981
1233	5856737
1233	35731094
1233	54878097
1233	39761336
1233	51692174
1233	51692350
1233	11520018
1233	10014739
1233	1328660
1233	17323087
1233	62621990
1233	26800561
1233	9869631
1233	4873754
1233	567927
1233	2225201
1233	55582066
1328	33853886
1328	20879276
1328	24688923
1328	82533
1328	919326
1328	67419609
1328	31340283
1328	24707609
1328	172550
1328	11431827
1328	30226454
1328	1637809
1328	362226
1328	50141919
1328	53528780
1328	9869851
1328	22991838
1328	3690512
1328	6487734
1328	28705056
1406	30247956
1406	35191038
1406	958144
1406	25972117
1406	489959
1406	1492517
1406	9306767
1406	22851296
1406	6866425
1406	1693246
1406	7467558
1406	2073367
1406	7360269
1406	34088534
1406	23841712
1406	38567164
1406	948694
1406	2768815
1406	5207691
1406	739866
1417	15928
1417	33701379
1417	35441520
1417	60157886
1417	597445
1417	8956358
1417	8150800
1417	33974127
1417	1772690
1417	35694432
1417	17613054
1417	56641724
1417	739680
1417	10574314
1417	3685355
1417	21027224
1417	1266567
1417	49750215
1417	53070037
1417	33744416
1448	149373
1448	5167754
1448	29392547
1448	39214331
1448	49834169
1448	52096378
1448	43129610
1448	39281919
1448	55206108
1448	2400264
1448	22499764
1448	26714717
1448	65893542
1448	793911
1448	9243178
1448	9123783
1448	65362667
1448	50231486
1448	48983277
1448	26653646
1479	7003018
1479	13804546
1479	44344161
1479	374290
1479	23829805
1479	56330869
1479	1701800
1479	30227165
1479	215403
1479	39216602
1479	5254
1479	14689511
1479	700750
1479	9895310
1479	80552
1479	45604013
1479	17437456
1479	53630607
1479	5947514
1479	85441
1548	19501
1548	20631644
1548	65711325
1548	34396002
1548	605431
1548	13954016
1548	3482085
1548	58942115
1548	11726144
1548	42777906
1548	485429
1548	32279080
1548	70124754
1548	3376850
1548	47184306
1548	10460760
1548	19028
1548	53383113
1548	16746
1548	31880362
1558	18831
1558	8997784
1558	4973465
1558	49403913
1558	33543938
1558	14740035
1558	58833484
1558	1337579
1558	373299
1558	25750436
1558	4230329
1558	1138100
1558	26673495
1558	35818365
1558	5381408
1558	1042164
1558	21653957
1558	63566825
1558	159730
1558	326471
1647	61037951
1647	17046267
1647	3923951
1647	63938023
1647	458399
1647	52955902
1647	1759402
1647	5215751
1647	9306991
1647	65897976
1647	1399702
1647	194264
1647	38149833
1647	595565
1647	52646797
1647	42888334
1647	41688336
1647	355632
1647	4274137
1647	62844619
1806	21383
1806	21386
1806	21385
1806	42512141
1806	24184059
1806	22062145
1806	2194752
1806	30166811
1806	20733185
1806	11496268
1806	43938371
1806	226734
1806	21388
1806	57110182
1806	11506458
1806	4006721
1806	51415330
1806	46794441
1806	16279193
1806	3235135
1821	2737608
1821	11236984
1821	16703828
1821	57474427
1821	40698351
1821	11784881
1821	33499482
1821	6389257
1821	4761282
1821	54745132
1821	1603729
1821	505868
1821	651796
1821	51005626
1821	1438001
1821	342846
1821	148351
1821	11120263
1821	38388084
1821	46879960
1877	34832586
1877	27566
1877	35937111
1877	34832619
1877	24719017
1877	51488846
1877	921214
1877	31190237
1877	36662659
1877	2176142
1877	921231
1877	19312759
1877	35780180
1877	33455043
1877	16590486
1877	35780188
1877	31019218
1877	84727
1877	31056889
1877	63724811
1884	538484
1884	18996620
1884	14201802
1884	671880
1884	22348
1884	2421192
1884	1600199
1884	6585447
1884	308831
1884	7699834
1884	277570
1884	51614042
1884	6723896
1884	47764352
1884	41943326
1884	65746997
1884	36565334
1884	618649
1884	37936942
1884	3777288
1890	408186
1890	97325
1890	18325
1890	1113815
1890	14120866
1890	59624018
1890	37062
1890	65629090
1890	2757229
1890	30945091
1890	34379546
1890	25602832
1890	21509389
1890	1088597
1890	24073766
1890	20903489
1890	40326647
1890	11436276
1890	19114259
1890	541048
2000	22926
2000	27428734
2000	36691004
2000	60414009
2000	514075
2000	29108146
2000	412032
2000	13689557
2000	51115391
2000	6585439
2000	26964199
2000	58048237
2000	455919
2000	29074075
2000	153433
2000	41938920
2000	14785803
2000	63665392
2000	25353172
2000	17475870
2028	13448416
2028	69373138
2028	33298284
2028	23637736
2028	995554
2028	126860
2028	147707
2028	59120831
2028	24624
2028	4359973
2028	40416291
2028	165981
2028	4770362
2028	2787256
2028	31731716
2028	50716137
2028	3345668
2028	37703760
2028	1846263
2028	40011958
2106	1679762
2106	51976726
2106	45948
2106	13320842
2106	9125452
2106	146109
2106	516271
2106	52862067
2106	12360794
2106	152310
2106	23587995
2106	4324377
2106	5928921
2106	1509622
2106	152311
2106	16086005
2106	56636148
2106	907989
2106	403668
2106	16742975
2153	67782
2153	27672
2153	42968330
2153	58662616
2153	27717240
2153	3607388
2153	11579625
2153	5515578
2153	9010996
2153	35861147
2153	32619343
2153	850647
2153	2216361
2153	46853846
2153	8662791
2153	182975
2153	232182
2153	951957
2153	41420292
2153	18403421
2160	41018063
2160	471603
2160	18998741
2160	40048386
2160	467367
2160	234954
2160	23913718
2160	1452366
2160	17593881
2160	25058
2160	674507
2160	5630993
2160	465584
2160	41359234
2160	43355
2160	28022
2160	40468223
2160	610624
2160	24959347
2160	3980824
2229	26847
2229	47246185
2229	33526804
2229	38443580
2229	328794
2229	38860786
2229	18247391
2229	13992896
2229	15025710
2229	57440492
2229	18048
2229	49675879
2229	683076
2229	59443250
2229	7252916
2229	40478003
2229	1109827
2229	53874762
2229	43473082
2229	54506295
2244	68896842
2244	60841300
2244	54368899
2244	7364118
2244	42187695
2244	670670
2244	48324759
2244	62308599
2244	58711657
2244	31101250
2244	26551514
2244	49907674
2244	7848702
2244	523101
2244	17066371
2244	2113590
2244	51252681
2244	58432530
2244	41281024
2244	64096046
2448	19137220
2448	2249731
2448	49081840
2448	26913631
2448	57973057
2448	2140799
2448	27424282
2448	34575163
2448	21789419
2448	1306473
2448	12576473
2448	42389177
2448	67761230
2448	8251319
2448	16614200
2448	16595333
2448	5880400
2448	39240759
2448	32421053
2448	6958722
2483	8869913
2483	3351748
2483	47444364
2483	61241986
2483	20053096
2483	13319450
2483	7845903
2483	34963026
2483	9317513
2483	58865098
2483	17333088
2483	4723950
2483	33774811
2483	49621739
2483	13319456
2483	4073331
2483	69787909
2483	8988347
2483	37131738
2483	4752265
2758	752
2758	33734529
2758	6556925
2758	18985263
2758	36305899
2758	2071765
2758	21830760
2758	32104149
2758	2787344
2758	20127412
2758	19797750
2758	10174941
2758	5139914
2758	199145
2758	49825514
2758	1087755
2758	19010531
2758	30635565
2758	8003162
2758	34410979
2867	52395694
2867	190178
2867	53665518
2867	47210395
2867	63181067
2867	33991284
2867	45482361
2867	46418619
2867	58208079
2867	14457458
2867	5990791
2867	36115675
2867	40848817
2867	391556
2867	39238641
2867	8500280
2867	27444173
2867	65657080
2867	51875354
2867	58001442
2872	41703431
2872	53391714
2872	265901
2872	37123790
2872	3957665
2872	191466
2872	667977
2872	9833634
2872	26491558
2872	43915275
2872	63037922
2872	24349431
2872	34377126
2872	43331095
2872	38085355
2872	31868114
2872	35669307
2872	4553946
2872	41904886
2872	32444237
