187	26589133
187	21296218
187	44331442
187	34120229
187	56296730
187	19278728
187	39681327
187	12319895
187	21296224
187	33066340
187	315927
187	44225499
187	32403779
187	69391314
187	1194886
187	9630158
187	35981916
187	2704720
187	30653780
187	3684625
270	43719
270	69888919
270	27496299
270	56653298
270	6425462
270	23378936
270	51030203
270	40845382
270	42235426
270	18934854
270	23802396
270	47750625
270	23657622
270	23632328
270	13056502
270	23710350
270	32972750
270	2221521
270	33751816
270	28016410
359	23675539
359	26378017
359	27665197
359	47137639
359	11576068
359	1856192
359	72035
359	68662678
359	47319284
359	5549672
359	56102434
359	282226
359	38776
359	12776876
359	5802344
359	66885059
359	50335074
359	2645513
359	51250193
359	967743
365	50794472
365	29075960
365	848348
365	29148292
365	3921
365	22359
365	4269341
365	15419697
365	41139172
365	17625262
365	4446807
365	55395086
365	15417898
365	1643014
365	768856
365	23676858
365	20269926
365	10248979
365	27467033
365	5183398
400	21144027
400	17181306
400	194373
400	9760384
400	58094046
400	19210357
400	1448527
400	1217122
400	12861352
400	2596994
400	4466152
400	23158981
400	19881366
400	38390763
400	52877823
400	1527442
400	11838142
400	26995095
400	11214377
400	40003529
404	56835749
404	65864417
404	32009749
404	47339682
404	49107323
404	2144199
404	42868401
404	22143922
404	63088864
404	51581949
404	40461658
404	67187509
404	27857931
404	65946227
404	4865153
404	25120942
404	24826354
404	39170396
404	4994396
404	50428492
480	65799903
480	63708087
480	63435931
480	63030231
480	63055098
480	67967179
480	66849722
480	69634019
480	63612268
480	63495566
480	67693224
480	69846606
480	63536836
480	63906007
480	64514667
480	63319438
480	63880659
480	68296474
480	63804580
480	64532400
517	57442267
517	66274822
517	36801352
517	49242921
517	39476776
517	68787338
517	26711820
517	2418729
517	42885779
517	44174200
517	1875976
517	462118
517	463388
517	482418
517	2291120
517	33097517
517	168486
517	576490
517	2778709
517	47501545
568	45617327
568	6793720
568	2190792
568	218211
568	773977
568	1161559
568	4559718
568	25226723
568	22679738
568	49189628
568	25814008
568	57366236
568	25775894
568	21533971
568	32062510
568	59949
568	7425846
568	50808317
568	1364343
568	1082197
596	4129579
596	11092324
596	52398274
596	4133285
596	30929442
596	57783194
596	5180
596	13849906
596	220046
596	47616558
596	24568072
596	4111418
596	242001
596	18761076
596	57999718
596	6896
596	9488196
596	34305838
596	66315
596	13922892
715	24259303
715	6564969
715	42118119
715	59361951
715	13178218
715	4893687
715	44211754
715	22484758
715	856
715	23173294
715	50674372
715	3089584
715	55696891
715	12023636
715	772568
715	41198757
715	10578039
715	1788
715	8761347
715	34449201
807	42653164
807	64332138
807	2987511
807	28650532
807	875585
807	9006525
807	35054346
807	52745312
807	16943988
807	24998598
807	3597551
807	19908602
807	45698342
807	9899205
807	854316
807	2280213
807	2619840
807	6157170
807	18152985
807	25062692
834	44269171
834	28805894
834	60284860
834	55751235
834	8840098
834	25386783
834	27139763
834	51909916
834	36945138
834	513992
834	52124303
834	581401
834	3585500
834	2533526
834	46365983
834	1451167
834	2474722
834	49492645
834	22750982
834	227321
881	616279
881	5241465
881	16079566
881	67141950
881	57387510
881	31675960
881	614836
881	44429057
881	12421217
881	41862176
881	1184687
881	40211357
881	41089704
881	40828743
881	37313876
881	8911097
881	47756463
881	1360939
881	18853441
881	31675664
883	9510
883	15225609
883	1929614
883	2924002
883	20263821
883	165981
883	8860626
883	1225329
883	9960008
883	181431
883	32383019
883	38384402
883	50725563
883	42702190
883	91199
883	30638059
883	87606
883	4278945
883	24511511
883	61090374
949	11185
949	1712326
949	44044949
949	22443992
949	13433057
949	48941875
949	58864450
949	33530557
949	28629308
949	8685505
949	43167590
949	1022287
949	504356
949	41338940
949	3775861
949	51610109
949	51522942
949	65473053
949	59821557
949	1940754
951	6140857
951	56132614
951	7290107
951	51300297
951	35797683
951	31887351
951	44122888
951	61244719
951	26944509
951	19146069
951	40008338
951	64010968
951	33258593
951	2327994
951	13996322
951	132821
951	53480159
951	10030620
951	34443875
951	27600510
955	61800413
955	69121006
955	56717294
955	62595930
955	1769468
955	42521351
955	2825163
955	52651705
955	36985798
955	151807
955	57133348
955	59899013
955	25392992
955	2819577
955	59394452
955	49260550
955	51220272
955	57711958
955	44652285
955	68780299
995	4699587
995	23924014
995	35843159
995	67313346
995	447810
995	27529871
995	45318006
995	2493928
995	27275282
995	37336511
995	69986847
995	4498383
995	28830841
995	42070705
995	5078115
995	12604740
995	49980572
995	67320680
995	4487837
995	22033656
1018	56122002
1018	23964910
1018	62019792
1018	1662349
1018	1167930
1018	50695587
1018	36940292
1018	17365965
1018	22162785
1018	3231320
1018	8526625
1018	3517612
1018	8023536
1018	30993286
1018	2476925
1018	13544786
1018	957951
1018	51623488
1018	2503078
1018	39924837
1180	61016924
1180	22759519
1180	2651035
1180	59584452
1180	506886
1180	11677875
1180	6427687
1180	61009214
1180	402356
1180	1023831
1180	3085613
1180	3189597
1180	33913807
1180	31486
1180	18225996
1180	14423
1180	34885729
1180	7758482
1180	44244059
1180	52502231
1233	39761336
1233	35731094
1233	51995914
1233	14790
1233	51692350
1233	5856737
1233	51692174
1233	52011289
1233	4275981
1233	16760449
1233	13981
1233	2225201
1233	9869631
1233	10014739
1233	39336017
1233	17323087
1233	945507
1233	67320511
1233	9760394
1233	30408693
1328	33853886
1328	82533
1328	67419609
1328	172550
1328	11431827
1328	362226
1328	53528780
1328	22991838
1328	28705056
1328	3890101
1328	20879276
1328	3375213
1328	4361682
1328	8219149
1328	1275053
1328	24657403
1328	31340283
1328	919326
1328	24122510
1328	14853237
1406	48510630
1406	15613
1406	1693246
1406	12161197
1406	30247956
1406	35191038
1406	54652123
1406	48213049
1406	47198161
1406	40580108
1406	59868567
1406	44211945
1406	2768815
1406	28362575
1406	54047298
1406	63830497
1406	44564789
1406	958144
1406	20287316
1406	25972117
1417	22112840
1417	768788
1417	15928
1417	8419511
1417	597445
1417	8150800
1417	10574314
1417	177181
1417	20561307
1417	1772690
1417	498635
1417	739680
1417	1550016
1417	8956358
1417	3685355
1417	38300716
1417	730473
1417	11906186
1417	317947
1417	49750215
1448	149373
1448	52096378
1448	5167754
1448	39214331
1448	69583954
1448	65893542
1448	9243178
1448	55206108
1448	12987523
1448	48983277
1448	39749128
1448	22499764
1448	19660734
1448	13831434
1448	51481730
1448	2468003
1448	61146442
1448	55366546
1448	26714717
1448	24240636
1479	374290
1479	215403
1479	85441
1479	7003018
1479	1701800
1479	5254
1479	13804546
1479	14689511
1479	5947514
1479	700750
1479	77444
1479	80552
1479	8195726
1479	23829805
1479	45604013
1479	1407832
1479	30227165
1479	52632976
1479	21351321
1479	18342
1548	34396002
1548	42777906
1548	605431
1548	30987379
1548	20631644
1548	3530966
1548	340332
1548	32279080
1548	15356703
1548	53383113
1548	1365014
1548	10460760
1548	29438604
1548	8010079
1548	10483627
1548	3406454
1548	56105548
1548	65711325
1548	25889294
1548	47184306
1558	18831
1558	8997784
1558	4973465
1558	49403913
1558	33543938
1558	14740035
1558	58833484
1558	1337579
1558	373299
1558	25750436
1558	4230329
1558	1138100
1558	26673495
1558	35818365
1558	5381408
1558	1042164
1558	21653957
1558	63566825
1558	159730
1558	326471
1647	53854143
1647	6323252
1647	58824526
1647	458399
1647	8698952
1647	6937859
1647	3627404
1647	61903373
1647	6772438
1647	53960565
1647	18210026
1647	10128567
1647	58816879
1647	1586780
1647	43656329
1647	54045121
1647	18706030
1647	9768169
1647	9753662
1647	36317220
1806	42512141
1806	63121628
1806	2194752
1806	18065879
1806	20733185
1806	55709551
1806	34324551
1806	43938371
1806	39609252
1806	11506458
1806	51416439
1806	15993813
1806	31088410
1806	26657666
1806	17151448
1806	66272249
1806	22066355
1806	37939668
1806	64591380
1806	21385
1821	6389257
1821	505868
1821	9116794
1821	7265907
1821	57474427
1821	6920861
1821	11236984
1821	13767639
1821	58885776
1821	3283535
1821	63179790
1821	3018952
1821	1244143
1821	31557696
1821	9317619
1821	6577002
1821	354214
1821	284967
1821	3556835
1821	1438001
1877	24719017
1877	34832586
1877	27566
1877	63724811
1877	31190237
1877	35937111
1877	921214
1877	19312759
1877	34832619
1877	59419015
1877	16590486
1877	2176142
1877	51488846
1877	31019218
1877	65485640
1877	35780180
1877	921231
1877	31056889
1877	35780188
1877	31045891
1884	23081957
1884	8560330
1884	36565334
1884	21767594
1884	59659098
1884	1600199
1884	11347039
1884	51614042
1884	32016924
1884	8560371
1884	11760254
1884	65746997
1884	45634969
1884	5327436
1884	17497528
1884	5228842
1884	11295741
1884	51329870
1884	19253475
1884	59232059
1890	14120866
1890	39353050
1890	541048
1890	408186
1890	4133752
1890	14987
1890	65990000
1890	1125669
1890	2757229
1890	69036214
1890	294500
1890	51540712
1890	5165163
1890	20095109
1890	37896895
1890	22937795
1890	58958484
1890	66186126
1890	69306075
1890	22068
2000	27428734
2000	22926
2000	53372609
2000	13451538
2000	60414009
2000	514075
2000	412032
2000	8255383
2000	58048237
2000	63665392
2000	1061760
2000	6585439
2000	38460304
2000	29108146
2000	455919
2000	153433
2000	25353172
2000	43749773
2000	44211316
2000	1376826
2028	13448416
2028	23637736
2028	69373138
2028	6180884
2028	59120831
2028	24624
2028	995554
2028	548696
2028	4439963
2028	995557
2028	1564758
2028	4359973
2028	6220317
2028	40416291
2028	2787256
2028	4770362
2028	6246114
2028	42554343
2028	88290
2028	37703760
2106	1679762
2106	51976726
2106	45948
2106	13320842
2106	9125452
2106	146109
2106	516271
2106	52862067
2106	12360794
2106	152310
2106	23587995
2106	4324377
2106	5928921
2106	1509622
2106	152311
2106	16086005
2106	56636148
2106	907989
2106	403668
2106	16742975
2153	67782
2153	27672
2153	42968330
2153	58662616
2153	27717240
2153	3607388
2153	11579625
2153	5515578
2153	9010996
2153	35861147
2153	32619343
2153	850647
2153	2216361
2153	46853846
2153	8662791
2153	182975
2153	232182
2153	951957
2153	41420292
2153	18403421
2160	6972665
2160	5630993
2160	48951292
2160	34644241
2160	234339
2160	47456671
2160	42649354
2160	42649883
2160	1977320
2160	8896599
2160	1385966
2160	471603
2160	57266418
2160	40468223
2160	3795151
2160	17692088
2160	4875399
2160	22222318
2160	238561
2160	17593881
2229	26847
2229	15025710
2229	30373614
2229	43473082
2229	59443250
2229	423023
2229	13992896
2229	38443580
2229	12309236
2229	683076
2229	49675879
2229	38775552
2229	33526804
2229	53874762
2229	472726
2229	328794
2229	18704434
2229	4135537
2229	37578255
2229	38860786
2244	17066371
2244	14984940
2244	32847407
2244	42187695
2244	44569579
2244	31101250
2244	7827291
2244	63099214
2244	43156044
2244	35409673
2244	55912014
2244	49907674
2244	43155453
2244	19592358
2244	52951938
2244	9287864
2244	40242261
2244	43155848
2244	7848702
2244	41470413
2448	19137220
2448	2249731
2448	49081840
2448	26913631
2448	57973057
2448	2140799
2448	27424282
2448	34575163
2448	21789419
2448	1306473
2448	12576473
2448	42389177
2448	67761230
2448	8251319
2448	16614200
2448	16595333
2448	5880400
2448	39240759
2448	32421053
2448	6958722
2483	8869913
2483	3351748
2483	47444364
2483	61241986
2483	20053096
2483	13319450
2483	7845903
2483	34963026
2483	9317513
2483	58865098
2483	17333088
2483	4723950
2483	33774811
2483	49621739
2483	13319456
2483	4073331
2483	69787909
2483	8988347
2483	37131738
2483	4752265
2758	33276979
2758	34410979
2758	19377453
2758	67499331
2758	6556925
2758	190452
2758	2071765
2758	2920947
2758	42180168
2758	532964
2758	16252367
2758	25031973
2758	67690364
2758	6079658
2758	20127412
2758	23087396
2758	37294330
2758	1214879
2758	15678352
2758	18152904
2867	66326874
2867	180270
2867	66326871
2867	47736220
2867	391556
2867	8946043
2867	58971803
2867	27444173
2867	47262468
2867	2746457
2867	33991284
2867	44086487
2867	4142234
2867	2919086
2867	50259143
2867	904537
2867	56075578
2867	4996942
2867	9811991
2867	25070133
2872	41904886
2872	3957390
2872	9833634
2872	32693591
2872	37123790
2872	12675616
2872	57511711
2872	34377126
2872	29208685
2872	50855518
2872	57474574
2872	43331095
2872	24349431
2872	41703431
2872	57936499
2872	35911312
2872	33142196
2872	36334822
2872	15428689
2872	34236639
