187	21296218
187	3684625
187	315927
187	2704720
187	19278728
187	9630158
187	39681327
187	26589133
187	4393502
187	56296730
187	1201591
187	61622
187	34120229
187	58998173
187	21296224
187	2336903
187	6386814
187	62332908
187	12319895
187	4304957
270	43719
270	69888919
270	27496299
270	56653298
270	6425462
270	23378936
270	51030203
270	40845382
270	42235426
270	18934854
270	23802396
270	47750625
270	23657622
270	23632328
270	13056502
270	23710350
270	32972750
270	2221521
270	33751816
270	28016410
359	974709
359	72035
359	3850
359	60786926
359	38776
359	26378017
359	1856192
359	29297108
359	602667
359	54067944
359	23675539
359	282226
359	51250193
359	58285150
359	602676
359	17203884
359	68662678
359	9211169
359	12776876
359	17178915
365	50794472
365	29075960
365	848348
365	29148292
365	3921
365	22359
365	4269341
365	15419697
365	41139172
365	17625262
365	4446807
365	55395086
365	15417898
365	1643014
365	768856
365	23676858
365	20269926
365	10248979
365	27467033
365	5183398
400	11838142
400	23717349
400	45555053
400	60455101
400	9760384
400	1217122
400	62927182
400	1448527
400	1666392
400	55283601
400	650407
400	52819689
400	4466152
400	83045
400	58094046
400	42859003
400	19210357
400	24661041
400	68056110
400	1350983
404	22143922
404	4865153
404	47339682
404	56835749
404	27857931
404	4994396
404	25120942
404	49107323
404	65864417
404	6132745
404	21057042
404	42868401
404	17109645
404	2290079
404	67187509
404	16765005
404	462298
404	51581949
404	11415129
404	60222109
480	65799903
480	63708087
480	63435931
480	63030231
480	63055098
480	67967179
480	66849722
480	69634019
480	63612268
480	63495566
480	67693224
480	69846606
480	63536836
480	63906007
480	64514667
480	63319438
480	63880659
480	68296474
480	63804580
480	64532400
517	20596936
517	214801
517	47934959
517	68787338
517	10005501
517	481669
517	9161315
517	49655745
517	1875976
517	58484250
517	61938488
517	567284
517	17928575
517	36801352
517	5158812
517	57442267
517	29546764
517	457907
517	49242921
517	10360985
568	1364343
568	13543
568	5211
568	6793720
568	1053299
568	218211
568	410868
568	6037917
568	4559718
568	49189628
568	1714754
568	606848
568	25814008
568	2190792
568	59949
568	57763169
568	24002394
568	5931351
568	15012
568	14895059
596	4129579
596	242001
596	220046
596	11092324
596	4133285
596	6896
596	5180
596	13849906
596	66315
596	23635
596	4111418
596	7888444
596	9488196
596	57999718
596	30929442
596	52398274
596	3723978
596	936085
596	4963419
596	47616558
715	6564969
715	3089584
715	4893687
715	42118119
715	856
715	22484758
715	13178218
715	382702
715	772568
715	34449201
715	59703
715	1788
715	436187
715	1003438
715	24259303
715	44211754
715	166826
715	4097647
715	102490
715	12023636
807	18013005
807	16543796
807	42653164
807	41703268
807	34531304
807	53186275
807	1855373
807	17844018
807	1842388
807	2886153
807	64332138
807	9006525
807	16715190
807	256713
807	2206456
807	16217152
807	66460242
807	20760475
807	17843811
807	65899456
834	56285
834	28805894
834	44269171
834	67111342
834	573313
834	21325518
834	48611021
834	18567040
834	25386783
834	57127165
834	513992
834	51909916
834	8840098
834	581401
834	21629781
834	36945138
834	60284860
834	436022
834	27139763
834	52124303
881	62295581
881	68306720
881	51582
881	40211357
881	57387510
881	57860131
881	41089704
881	40200438
881	64782702
881	41862176
881	38119580
881	37729052
881	40200415
881	62651599
881	21366049
881	34259806
881	16079566
881	9457
881	42886441
881	52312148
883	20263821
883	12821460
883	42702190
883	26042356
883	15225609
883	9510
883	38785398
883	42595602
883	275679
883	2924002
883	1197108
883	275671
883	38883452
883	165981
883	1929614
883	6796768
883	24035809
883	20479947
883	38384402
883	34415471
949	11185
949	1712326
949	44044949
949	22443992
949	13433057
949	48941875
949	58864450
949	33530557
949	28629308
949	8685505
949	43167590
949	1022287
949	504356
949	41338940
949	3775861
949	51610109
949	51522942
949	65473053
949	59821557
949	1940754
951	10781
951	48789314
951	79026
951	69613994
951	26964550
951	56874355
951	549378
951	67500
951	42655989
951	306611
951	13996322
951	7504750
951	4265080
951	2824490
951	63797424
951	56282527
951	58170048
951	33852659
951	3254329
951	26868834
955	14214562
955	50266077
955	69443836
955	151807
955	27002888
955	34838846
955	55834592
955	30159510
955	74968
955	40537560
955	19077633
955	59899013
955	678533
955	31995603
955	39050021
955	31487606
955	69573806
955	5551857
955	50008069
955	9215946
995	4699587
995	23924014
995	35843159
995	67313346
995	447810
995	27529871
995	45318006
995	2493928
995	27275282
995	37336511
995	69986847
995	4498383
995	28830841
995	42070705
995	5078115
995	12604740
995	49980572
995	67320680
995	4487837
995	22033656
1018	33992878
1018	23976719
1018	48439033
1018	56122002
1018	23964910
1018	10669
1018	25304788
1018	1662349
1018	51159000
1018	17365965
1018	62019792
1018	4883511
1018	50695587
1018	22162785
1018	10830
1018	30734258
1018	143183
1018	65408886
1018	36940292
1018	14172113
1180	59584452
1180	33119354
1180	61016924
1180	60536009
1180	2664075
1180	61009214
1180	25724776
1180	445913
1180	3189597
1180	49881992
1180	14423
1180	49626494
1180	3199258
1180	10789112
1180	34885729
1180	17658703
1180	10404836
1180	506886
1180	32090575
1180	638263
1233	4275981
1233	17323087
1233	26800561
1233	9869631
1233	35731094
1233	2225201
1233	39761336
1233	5086190
1233	39914459
1233	21956202
1233	3034442
1233	36709834
1233	43128127
1233	40558039
1233	51692174
1233	2924597
1233	23156904
1233	3485881
1233	60762881
1233	51692350
1328	33853886
1328	82533
1328	67419609
1328	172550
1328	11431827
1328	362226
1328	53528780
1328	22991838
1328	28705056
1328	3890101
1328	20879276
1328	3375213
1328	4361682
1328	8219149
1328	1275053
1328	24657403
1328	31340283
1328	919326
1328	24122510
1328	14853237
1406	35191038
1406	12161197
1406	48510630
1406	44564789
1406	2768815
1406	47198161
1406	15613
1406	958144
1406	20287316
1406	44211945
1406	1693246
1406	25972117
1406	33984846
1406	30247956
1406	26947682
1406	37211507
1406	1492517
1406	2681086
1406	48213049
1406	22851209
1417	35694432
1417	17613054
1417	8956358
1417	15928
1417	739680
1417	558219
1417	1772690
1417	21027224
1417	11310959
1417	33701379
1417	10574314
1417	3014330
1417	577309
1417	1266567
1417	164062
1417	930136
1417	597445
1417	25114376
1417	3215667
1417	11906186
1448	149373
1448	52096378
1448	5167754
1448	39214331
1448	69583954
1448	65893542
1448	9243178
1448	55206108
1448	12987523
1448	48983277
1448	39749128
1448	22499764
1448	19660734
1448	13831434
1448	51481730
1448	2468003
1448	61146442
1448	55366546
1448	26714717
1448	24240636
1479	7003018
1479	13804546
1479	44344161
1479	374290
1479	23829805
1479	56330869
1479	1701800
1479	30227165
1479	215403
1479	39216602
1479	5254
1479	14689511
1479	700750
1479	9895310
1479	80552
1479	45604013
1479	17437456
1479	53630607
1479	5947514
1479	85441
1548	34396002
1548	42777906
1548	605431
1548	30987379
1548	20631644
1548	3530966
1548	340332
1548	32279080
1548	15356703
1548	53383113
1548	1365014
1548	10460760
1548	29438604
1548	8010079
1548	10483627
1548	3406454
1548	56105548
1548	65711325
1548	25889294
1548	47184306
1558	18831
1558	8997784
1558	4973465
1558	49403913
1558	33543938
1558	14740035
1558	58833484
1558	1337579
1558	373299
1558	25750436
1558	4230329
1558	1138100
1558	26673495
1558	35818365
1558	5381408
1558	1042164
1558	21653957
1558	63566825
1558	159730
1558	326471
1647	53096893
1647	1460801
1647	1759402
1647	44147035
1647	32898380
1647	194264
1647	53854143
1647	53084433
1647	18210026
1647	41688336
1647	8698952
1647	52804695
1647	458399
1647	6323252
1647	6937859
1647	36317220
1647	20029110
1647	4467378
1647	10128567
1647	3627404
1806	21383
1806	34543545
1806	8399106
1806	12311661
1806	21388
1806	85232
1806	1006061
1806	23769768
1806	21382
1806	2227627
1806	2292852
1806	6179952
1806	626168
1806	21392
1806	11734374
1806	21385
1806	21386
1806	46601856
1806	3385208
1806	2194752
1821	2737608
1821	11236984
1821	16703828
1821	57474427
1821	40698351
1821	11784881
1821	33499482
1821	6389257
1821	4761282
1821	54745132
1821	1603729
1821	505868
1821	651796
1821	51005626
1821	1438001
1821	342846
1821	148351
1821	11120263
1821	38388084
1821	46879960
1877	27566
1877	34832619
1877	34246927
1877	28964743
1877	24719017
1877	7325401
1877	31096267
1877	31190237
1877	961522
1877	34651892
1877	20688153
1877	35780188
1877	4330579
1877	33030273
1877	49097573
1877	31019218
1877	31056889
1877	36594870
1877	36665635
1877	63724811
1884	5327436
1884	17497528
1884	416605
1884	4676892
1884	5467747
1884	32052228
1884	417279
1884	1600199
1884	275937
1884	2702986
1884	5396061
1884	1532647
1884	1000718
1884	743715
1884	11471780
1884	275915
1884	54135162
1884	379213
1884	726176
1884	6459483
1890	408186
1890	97325
1890	18325
1890	1113815
1890	14120866
1890	59624018
1890	37062
1890	65629090
1890	2757229
1890	30945091
1890	34379546
1890	25602832
1890	21509389
1890	1088597
1890	24073766
1890	20903489
1890	40326647
1890	11436276
1890	19114259
1890	541048
2000	22926
2000	27428734
2000	36691004
2000	60414009
2000	514075
2000	29108146
2000	412032
2000	13689557
2000	51115391
2000	6585439
2000	26964199
2000	58048237
2000	455919
2000	29074075
2000	153433
2000	41938920
2000	14785803
2000	63665392
2000	25353172
2000	17475870
2028	13448416
2028	69373138
2028	33298284
2028	23637736
2028	995554
2028	126860
2028	147707
2028	59120831
2028	24624
2028	4359973
2028	40416291
2028	165981
2028	4770362
2028	2787256
2028	31731716
2028	50716137
2028	3345668
2028	37703760
2028	1846263
2028	40011958
2106	13320842
2106	1679762
2106	9125452
2106	51976726
2106	45948
2106	52862067
2106	12360794
2106	146109
2106	23587995
2106	516271
2106	16086005
2106	42588011
2106	16742975
2106	152310
2106	56636148
2106	14205557
2106	4324377
2106	23379522
2106	5928921
2106	44386562
2153	9010996
2153	27672
2153	27717240
2153	5562272
2153	11579625
2153	67782
2153	36344652
2153	2053697
2153	5053040
2153	8133222
2153	42968330
2153	49780696
2153	8293937
2153	243891
2153	15079070
2153	41600733
2153	47253935
2153	3004764
2153	51075590
2153	566371
2160	8896599
2160	6972665
2160	48951292
2160	17692088
2160	5630993
2160	57266418
2160	22222318
2160	234339
2160	34644241
2160	17593881
2160	1977320
2160	32060877
2160	1385966
2160	47456671
2160	30292166
2160	471603
2160	9986621
2160	69742243
2160	42649354
2160	40468223
2229	26847
2229	15025710
2229	13992896
2229	54023711
2229	30373614
2229	11144147
2229	59443250
2229	871904
2229	237667
2229	423023
2229	43473082
2229	1063759
2229	220964
2229	25674999
2229	38443580
2229	60916712
2229	49675879
2229	47344356
2229	12309236
2229	66235760
2244	42187695
2244	14984940
2244	17066371
2244	43156044
2244	31101250
2244	32847407
2244	7827291
2244	35409673
2244	9287864
2244	52951938
2244	44569579
2244	63099214
2244	1452701
2244	40242261
2244	55912014
2244	54581112
2244	49907674
2244	41441314
2244	20590820
2244	19592358
2448	20913771
2448	48376125
2448	10179334
2448	47380758
2448	32421053
2448	42389177
2448	7665661
2448	3417042
2448	34983006
2448	2249731
2448	358153
2448	1306462
2448	1306473
2448	35472027
2448	17837535
2448	49081840
2448	6823594
2448	40128079
2448	34575163
2448	19137220
2483	3351748
2483	47444364
2483	58865098
2483	20053096
2483	7845903
2483	4723950
2483	4789647
2483	4752265
2483	8869913
2483	61241986
2483	30753948
2483	13319450
2483	8988347
2483	9317513
2483	34963026
2483	4784746
2483	9029751
2483	3784959
2483	4073331
2483	10455121
2758	33734529
2758	6556925
2758	240072
2758	2071765
2758	752
2758	60809423
2758	20127412
2758	59599890
2758	18985263
2758	32104149
2758	19010531
2758	46234172
2758	212222
2758	33276979
2758	67690364
2758	36303864
2758	141330
2758	43829091
2758	1087755
2758	34410979
2867	52395694
2867	190178
2867	53665518
2867	47210395
2867	63181067
2867	33991284
2867	45482361
2867	46418619
2867	58208079
2867	14457458
2867	5990791
2867	36115675
2867	40848817
2867	391556
2867	39238641
2867	8500280
2867	27444173
2867	65657080
2867	51875354
2867	58001442
2872	41904886
2872	3957390
2872	9833634
2872	32693591
2872	37123790
2872	12675616
2872	57511711
2872	34377126
2872	29208685
2872	50855518
2872	57474574
2872	43331095
2872	24349431
2872	41703431
2872	57936499
2872	35911312
2872	33142196
2872	36334822
2872	15428689
2872	34236639
