187	26589133
187	21296218
187	44331442
187	34120229
187	56296730
187	19278728
187	39681327
187	12319895
187	21296224
187	33066340
187	315927
187	44225499
187	32403779
187	69391314
187	1194886
187	9630158
187	35981916
187	2704720
187	30653780
187	3684625
270	69888919
270	43719
270	13050806
270	27496299
270	3884195
270	56653298
270	19199156
270	27426976
270	6425462
270	23378936
270	1452898
270	51211288
270	34844533
270	51030203
270	40845382
270	946574
270	6723885
270	42235426
270	18934854
270	51542555
359	27665197
359	68662678
359	12776876
359	5802344
359	26378017
359	2645513
359	32289193
359	6599247
359	35010305
359	72035
359	1330241
359	842859
359	282226
359	770037
359	27100757
359	8879273
359	1855492
359	634924
359	34967853
359	4749875
365	29148292
365	29075960
365	16048692
365	22359
365	28723551
365	4446807
365	14823618
365	41139172
365	8466904
365	55395086
365	768856
365	8364644
365	6129782
365	34282627
365	28866920
365	11247
365	40410103
365	57220111
365	2221463
365	32712127
400	9760384
400	1217122
400	194373
400	19210357
400	12861352
400	40541089
400	1527442
400	2596994
400	11214377
400	11838142
400	60222109
400	43954304
400	2293657
400	1134060
400	4466152
400	10037361
400	4062665
400	29075020
400	146304
400	85056
404	56835749
404	65864417
404	32009749
404	47339682
404	49107323
404	2144199
404	42868401
404	22143922
404	63088864
404	51581949
404	40461658
404	67187509
404	27857931
404	65946227
404	4865153
404	25120942
404	24826354
404	39170396
404	4994396
404	50428492
480	65799903
480	63708087
480	63435931
480	63030231
480	63055098
480	67967179
480	66849722
480	69634019
480	63612268
480	63495566
480	67693224
480	69846606
480	63536836
480	63906007
480	64514667
480	63319438
480	63880659
480	68296474
480	63804580
480	64532400
517	47934959
517	214801
517	68787338
517	2981063
517	481669
517	20596936
517	64412164
517	58484250
517	49655745
517	1875976
517	57634404
517	10005501
517	57442267
517	66274822
517	567284
517	5158812
517	1527095
517	36801352
517	457907
517	1533948
568	1364343
568	13543
568	5211
568	6793720
568	1053299
568	218211
568	410868
568	6037917
568	4559718
568	49189628
568	1714754
568	606848
568	25814008
568	2190792
568	59949
568	57763169
568	24002394
568	5931351
568	15012
568	14895059
596	4129579
596	11092324
596	52398274
596	4133285
596	30929442
596	57783194
596	5180
596	13849906
596	220046
596	47616558
596	24568072
596	4111418
596	242001
596	18761076
596	57999718
596	6896
596	9488196
596	34305838
596	66315
596	13922892
715	6564969
715	4893687
715	856
715	3089584
715	772568
715	1788
715	13178218
715	1894077
715	42118119
715	102490
715	22484758
715	59703
715	382702
715	2787546
715	23173294
715	39781562
715	436187
715	44211754
715	50674372
715	12023636
807	7714987
807	16543796
807	41703268
807	18226761
807	18013005
807	42653164
807	64332138
807	35054346
807	2886153
807	53186275
807	9006525
807	24065025
807	17844018
807	16715190
807	23126741
807	8649081
807	16217152
807	65899456
807	16943988
807	17843811
834	56285
834	573313
834	28805894
834	60284860
834	63305503
834	25386783
834	8840098
834	55292984
834	44269171
834	21629781
834	49492645
834	55191202
834	58855557
834	27139763
834	18567040
834	51909916
834	18418857
834	36945138
834	513992
834	48424460
881	62295581
881	68306720
881	51582
881	40211357
881	57387510
881	57860131
881	41089704
881	40200438
881	64782702
881	41862176
881	38119580
881	37729052
881	40200415
881	62651599
881	21366049
881	34259806
881	16079566
881	9457
881	42886441
881	52312148
883	9510
883	15225609
883	1929614
883	2924002
883	20263821
883	165981
883	8860626
883	1225329
883	9960008
883	181431
883	32383019
883	38384402
883	50725563
883	42702190
883	91199
883	30638059
883	87606
883	4278945
883	24511511
883	61090374
949	11185
949	1712326
949	44044949
949	22443992
949	13433057
949	48941875
949	58864450
949	33530557
949	28629308
949	8685505
949	43167590
949	1022287
949	504356
949	41338940
949	3775861
949	51610109
949	51522942
949	65473053
949	59821557
949	1940754
951	6140857
951	9295770
951	26868834
951	7290107
951	57867432
951	27980681
951	44122888
951	26944509
951	10030620
951	64010968
951	132821
951	4265080
951	4351435
951	8747532
951	24822703
951	339986
951	10781
951	6853799
951	4630223
951	66154
955	61800413
955	69121006
955	56717294
955	62595930
955	1769468
955	42521351
955	2825163
955	52651705
955	36985798
955	151807
955	57133348
955	59899013
955	25392992
955	2819577
955	59394452
955	49260550
955	51220272
955	57711958
955	44652285
955	68780299
995	4699587
995	26866
995	52259534
995	1838808
995	5078115
995	714862
995	447810
995	41365652
995	176332
995	7652711
995	19681795
995	49131671
995	23924014
995	24518242
995	2493928
995	44924380
995	47335
995	48870
995	34018284
995	26636521
1018	51159000
1018	48439033
1018	23976719
1018	62019792
1018	25735
1018	18951490
1018	10669
1018	1949968
1018	30993286
1018	56122002
1018	1662349
1018	25402
1018	6963
1018	25304788
1018	4883511
1018	2503073
1018	2378741
1018	33992878
1018	2503078
1018	3231320
1180	61016924
1180	22759519
1180	2651035
1180	59584452
1180	506886
1180	11677875
1180	6427687
1180	61009214
1180	402356
1180	1023831
1180	3085613
1180	3189597
1180	33913807
1180	31486
1180	18225996
1180	14423
1180	34885729
1180	7758482
1180	44244059
1180	52502231
1233	14790
1233	4275981
1233	17378626
1233	5856737
1233	2225201
1233	35731094
1233	39761336
1233	12935070
1233	51692350
1233	14155555
1233	53371247
1233	10014739
1233	35809702
1233	1328660
1233	35883281
1233	30810868
1233	17323087
1233	62621990
1233	8849364
1233	23156904
1328	67419609
1328	68072997
1328	82533
1328	172550
1328	64709
1328	74581
1328	53528780
1328	11431827
1328	14227252
1328	18247391
1328	4361682
1328	32225828
1328	22991838
1328	50887239
1328	427627
1328	19230
1328	8195726
1328	228753
1328	28705056
1328	18947898
1406	35191038
1406	12161197
1406	48510630
1406	44564789
1406	2768815
1406	47198161
1406	15613
1406	958144
1406	20287316
1406	44211945
1406	1693246
1406	25972117
1406	33984846
1406	30247956
1406	26947682
1406	37211507
1406	1492517
1406	2681086
1406	48213049
1406	22851209
1417	22112840
1417	768788
1417	15928
1417	8419511
1417	597445
1417	8150800
1417	10574314
1417	177181
1417	20561307
1417	1772690
1417	498635
1417	739680
1417	1550016
1417	8956358
1417	3685355
1417	38300716
1417	730473
1417	11906186
1417	317947
1417	49750215
1448	7525910
1448	48789314
1448	61511950
1448	149373
1448	69583954
1448	52096378
1448	5167754
1448	20875984
1448	57763169
1448	19660734
1448	55206108
1448	22499764
1448	63927532
1448	28696353
1448	39214331
1448	6270464
1448	1553622
1448	40857917
1448	66751816
1448	13070
1479	894300
1479	5254
1479	66108446
1479	2271900
1479	215403
1479	8195726
1479	10091
1479	18949668
1479	9396843
1479	700750
1479	743972
1479	1407832
1479	18657
1479	85441
1479	1082450
1479	534412
1479	5222720
1479	1311923
1479	1175121
1479	39216602
1548	34396002
1548	42777906
1548	605431
1548	30987379
1548	20631644
1548	3530966
1548	340332
1548	32279080
1548	15356703
1548	53383113
1548	1365014
1548	10460760
1548	29438604
1548	8010079
1548	10483627
1548	3406454
1548	56105548
1548	65711325
1548	25889294
1548	47184306
1558	18831
1558	8997784
1558	4973465
1558	49403913
1558	33543938
1558	14740035
1558	58833484
1558	1337579
1558	373299
1558	25750436
1558	4230329
1558	1138100
1558	26673495
1558	35818365
1558	5381408
1558	1042164
1558	21653957
1558	63566825
1558	159730
1558	326471
1647	41688336
1647	6937859
1647	458399
1647	6772438
1647	49837057
1647	44908936
1647	11887
1647	65788507
1647	43656329
1647	1711234
1647	47843428
1647	11751644
1647	9753662
1647	17068147
1647	36317220
1647	17305363
1647	6299849
1647	4274137
1647	22256730
1647	50231486
1806	21385
1806	24184059
1806	64965723
1806	21383
1806	63300501
1806	42512141
1806	2194752
1806	20733185
1806	65767595
1806	43938371
1806	11506458
1806	226734
1806	4006721
1806	30166811
1806	31538955
1806	18979830
1806	16279193
1806	19137760
1806	21388
1806	33617617
1821	16703828
1821	6389257
1821	46879960
1821	57474427
1821	11236984
1821	1603729
1821	33499482
1821	51005626
1821	2737608
1821	11784881
1821	54745132
1821	505868
1821	9116794
1821	39808671
1821	342846
1821	11120263
1821	63584108
1821	3514449
1821	31557696
1821	40699433
1877	51292995
1877	35076265
1877	30104638
1877	8351234
1877	18375894
1877	44246285
1877	66894384
1877	35937111
1877	63724811
1877	18143785
1877	77745
1877	8351239
1877	961522
1877	22576
1877	42196
1877	34236439
1877	14244631
1877	2176142
1877	1610886
1877	48644
1884	538484
1884	18996620
1884	14201802
1884	671880
1884	22348
1884	2421192
1884	1600199
1884	6585447
1884	308831
1884	7699834
1884	277570
1884	51614042
1884	6723896
1884	47764352
1884	41943326
1884	65746997
1884	36565334
1884	618649
1884	37936942
1884	3777288
1890	97325
1890	1504343
1890	21509389
1890	1088597
1890	18325
1890	24073766
1890	1298157
1890	219343
1890	885845
1890	350699
1890	9599897
1890	56649920
1890	1392118
1890	435576
1890	65629090
1890	17116710
1890	10406906
1890	65990000
1890	31172966
1890	4186217
2000	27428734
2000	22926
2000	53372609
2000	13451538
2000	60414009
2000	514075
2000	412032
2000	8255383
2000	58048237
2000	63665392
2000	1061760
2000	6585439
2000	38460304
2000	29108146
2000	455919
2000	153433
2000	25353172
2000	43749773
2000	44211316
2000	1376826
2028	13448416
2028	47135
2028	29163577
2028	69373138
2028	23637736
2028	38986323
2028	29920554
2028	12150947
2028	31881996
2028	995554
2028	14203005
2028	20942890
2028	68849209
2028	6180884
2028	18151212
2028	435239
2028	5268262
2028	37703760
2028	65827409
2028	1850105
2106	1679762
2106	51976726
2106	45948
2106	13320842
2106	9125452
2106	146109
2106	516271
2106	52862067
2106	12360794
2106	152310
2106	23587995
2106	4324377
2106	5928921
2106	1509622
2106	152311
2106	16086005
2106	56636148
2106	907989
2106	403668
2106	16742975
2153	850647
2153	5562272
2153	8662791
2153	8660189
2153	27717240
2153	8570363
2153	8566367
2153	11579625
2153	8133222
2153	8566951
2153	1806946
2153	215015
2153	8569635
2153	8569913
2153	605660
2153	5053040
2153	8570569
2153	1322799
2153	3004764
2153	566371
2160	6972665
2160	5630993
2160	48951292
2160	34644241
2160	234339
2160	47456671
2160	42649354
2160	42649883
2160	1977320
2160	8896599
2160	1385966
2160	471603
2160	57266418
2160	40468223
2160	3795151
2160	17692088
2160	4875399
2160	22222318
2160	238561
2160	17593881
2229	26847
2229	15025710
2229	30373614
2229	43473082
2229	59443250
2229	423023
2229	13992896
2229	38443580
2229	12309236
2229	683076
2229	49675879
2229	38775552
2229	33526804
2229	53874762
2229	472726
2229	328794
2229	18704434
2229	4135537
2229	37578255
2229	38860786
2244	19592358
2244	10692867
2244	41441314
2244	1043541
2244	32847407
2244	33013249
2244	2854492
2244	17284685
2244	2658411
2244	10187741
2244	23096872
2244	5864499
2244	694679
2244	4997076
2244	7848702
2244	1452701
2244	19928219
2244	22565527
2244	33046179
2244	21413757
2448	19137220
2448	2249731
2448	49081840
2448	26913631
2448	57973057
2448	2140799
2448	27424282
2448	34575163
2448	21789419
2448	1306473
2448	12576473
2448	42389177
2448	67761230
2448	8251319
2448	16614200
2448	16595333
2448	5880400
2448	39240759
2448	32421053
2448	6958722
2483	8869913
2483	3351748
2483	47444364
2483	61241986
2483	20053096
2483	13319450
2483	7845903
2483	34963026
2483	9317513
2483	58865098
2483	17333088
2483	4723950
2483	33774811
2483	49621739
2483	13319456
2483	4073331
2483	69787909
2483	8988347
2483	37131738
2483	4752265
2758	20127412
2758	33734529
2758	36305899
2758	67499331
2758	19010531
2758	6556925
2758	46234172
2758	33276979
2758	2071765
2758	60770015
2758	21830760
2758	752
2758	36303864
2758	32104149
2758	57503665
2758	199145
2758	34410979
2758	19797750
2758	18985263
2758	55487546
2867	66326874
2867	180270
2867	66326871
2867	47736220
2867	391556
2867	8946043
2867	58971803
2867	27444173
2867	47262468
2867	2746457
2867	33991284
2867	44086487
2867	4142234
2867	2919086
2867	50259143
2867	904537
2867	56075578
2867	4996942
2867	9811991
2867	25070133
2872	41703431
2872	3957665
2872	41904886
2872	4553946
2872	34377126
2872	51379803
2872	34246949
2872	31749230
2872	37083592
2872	32693591
2872	11502551
2872	35484075
2872	265901
2872	47413842
2872	2616336
2872	7633197
2872	45660976
2872	53371247
2872	3957390
2872	2727091
