0.0068 0 0.0068 0
0.1131 0 0.1131 0
0.1455 0.0052 0.1455 0.116
0.5403 0.1119 0.5403 0.1485
0.8423 0.2149 0.8423 0.3881
0.5209 0.0634 0.5209 0.1753
0.1422 0.2186 0.1422 0.3438
0.2053 0.2608 0.2053 0.2196
0.0422 0.1629 0.0422 0.2881
0.2715 0.3572 0.2715 0.3634
0.1564 0.1144 0.1564 0.2474
0.1299 0.0881 0.1299 0.2742
0.4225 0.0804 0.4225 0.2005
0.0905 0.1588 0.0905 0.1716
0.1600 0.2897 0.1600 0.2505
0.0435 0.2057 0.0435 0.1881
0.5488 0.3938 0.5488 0.4562
0.1783 0.3876 0.1783 0.1959
0.2209 0.2526 0.2209 0.3742
0.4710 0.2928 0.4710 0.2593
0.0493 0.332 0.0493 0.4593
0.1147 0.1876 0.1147 0.183
0.0891 0.1799 0.0891 0.2835
0.2440 0.1959 0.2440 0.233
0.2104 0.384 0.2104 0.3948
0.0000 0.2582 0.0000 0.2613
0.0272 0.2124 0.0272 0.2206
0.2377 0.2031 0.2377 0.25
0.0045 0.1536 0.0045 0.2263
0.0499 0.1454 0.0499 0.2644
0.0497 0.2196 0.0497 0.2129
0.0371 0.2165 0.0371 0.2851
0.6042 0.2103 0.6042 0.3201
0.5989 0.2464 0.5989 0.1974
0.2591 0.2593 0.2591 0.2119
0.2760 0.299 0.2760 0.2835
0.0876 0.2201 0.0876 0.2201
0.4119 0.2964 0.4119 0.3495
0.4609 0.3938 0.4609 0.2701
0.8763 0.1856 0.8763 0.2216
0.0888 0.1392 0.0888 0.2479
0.0307 0.2015 0.0307 0.2351
0.0959 0.2686 0.0959 0.2428
0.0580 0.3206 0.0580 0.1918
0.0000 0.5196 0.0000 0.4216
0.0000 0.3196 0.0000 0.3021
0.0000 0.3227 0.0000 0.3634
0.0557 0.3716 0.0557 0.199
1.0000 0.4289 1.0000 0.4536
0.1741 0.2974 0.1741 0.3046
0.4364 0.1871 0.4364 0.2557
0.0013 0.2835 0.0013 0.2897
0.7457 0.1443 0.7457 0.2474
0.1154 0.2845 0.1154 0.1443
0.7471 0.2582 0.7471 0.2222
0.2027 0.3175 0.2027 0.2582
0.0324 0.2325 0.0324 0.2412
0.2564 0.2686 0.2564 0.2649
0.7299 0.132 0.7299 0.2082
0.0802 0.1696 0.0802 0.3412
0.2834 0.2412 0.2834 0.2289
0.0918 0.3134 0.0918 0.2881
0.1135 0.2959 0.1135 0.4129
0.1905 0.1907 0.1905 0.2747
0.6161 0.2464 0.6161 0.2216
0.8466 0.4804 0.8466 0.3387
0.0063 0.1314 0.0063 0.1505
0.0769 0.2758 0.0769 0.2479
0.4147 0.1649 0.4147 0.1985
0.2337 0.2938 0.2337 0.1371
0.1840 0.1304 0.1840 0.2041
0.5298 0.2237 0.5298 0.3057
0.2848 0.2309 0.2848 0.2412
0.2436 0.3108 0.2436 0.2247
0.1222 0.2923 0.1222 0.2139
0.6949 0.4036 0.6949 0.3222
0.0476 0.167 0.0476 0.2144
0.0121 0.1809 0.0121 0.2149
0.2439 0.182 0.2439 0.2577
0.1381 0.432 0.1381 0.5196
0.6394 0.2701 0.6394 0.1201
0.1139 0.2835 0.1139 0.2727
0.0372 0.184 0.0372 0.1423
0.5000 0.2438 0.5000 0.2351
0.1080 0.3021 0.1080 0.1691
0.8135 0.2258 0.8135 0.1119
0.7000 0.2804 0.7000 0.1835
0.1437 0.1031 0.1437 0.1804
0.0000 0.2412 0.0000 0.1572
0.1550 0.099 0.1550 0.1294
0.0650 0.1026 0.0650 0.2119
0.4363 0.2015 0.4363 0.1938
0.0017 0.3129 0.0017 0.2716
0.4575 0.3186 0.4575 0.4253
0.1031 0.1608 0.1031 0.1809
0.0425 0.2021 0.0425 0.2031
0.2970 0 0.2970 0.2284
